Method used: buckling
Dimension: 170
Tolerance used: 1.00000E-10
Number of iterations for Jacobi: 54345
Time used for Jacobi: 10.200184
Time used for Armadillo: 0.0031560000

|      Analytical        |       Computed        |   Relative Error:   
           9.7542336           9.7542336           9.213E-13
           39.013642           39.013642               0.000
           87.768350           87.768350           1.619E-16
           156.00190           156.00190           1.822E-15
           243.69127           243.69127           2.822E-14
           350.80685           350.80685           1.604E-14
           477.31250           477.31250           2.263E-14
           623.16551           623.16551           9.304E-15
           788.31666           788.31666           1.759E-14
           972.71021           972.71021           1.882E-14
           1176.2839           1176.2839           1.856E-14
           1398.9691           1398.9691           1.300E-14
           1640.6905           1640.6905           1.802E-14
           1901.3667           1901.3667           2.272E-14
           2180.9096           2180.9096           1.835E-14
           2479.2248           2479.2248           2.458E-14
           2796.2118           2796.2118           1.935E-14
           3131.7634           3131.7634           2.047E-14
           3485.7665           3485.7665           1.552E-14
           3858.1016           3858.1016           2.275E-14
           4248.6429           4248.6429           2.419E-14
           4657.2587           4657.2587           1.992E-14
           5083.8111           5083.8111           2.147E-14
           5528.1561           5528.1561           1.958E-14
           5990.1437           5990.1437           2.004E-14
           6469.6180           6469.6180           2.390E-14
           6966.4172           6966.4172           2.650E-14
           7480.3735           7480.3735           2.383E-14
           8011.3136           8011.3136           2.021E-14
           8559.0582           8559.0582           2.338E-14
           9123.4224           9123.4224           2.233E-14
           9704.2158           9704.2158           2.456E-14
           10301.242           10301.242           2.507E-14
           10914.300           10914.300           1.417E-14
           11543.183           11543.183           2.411E-14
           12187.679           12187.679           2.388E-14
           12847.569           12847.569           2.039E-14
           13522.631           13522.631           1.829E-14
           14212.638           14212.638           1.536E-14
           14917.356           14917.356           2.378E-14
           15636.548           15636.548           1.105E-14
           16369.971           16369.971           2.200E-14
           17117.377           17117.377           2.295E-14
           17878.514           17878.514           1.669E-14
           18653.125           18653.125           2.457E-14
           19440.949           19440.949           1.909E-14
           20241.720           20241.720           1.833E-14
           21055.167           21055.167           2.246E-14
           21881.017           21881.017           1.879E-14
           22718.989           22718.989           2.258E-14
           23568.802           23568.802           1.420E-14
           24430.169           24430.169           2.263E-14
           25302.799           25302.799           2.286E-14
           26186.396           26186.396           2.264E-14
           27080.664           27080.664           2.069E-14
           27985.301           27985.301           1.898E-14
           28900.000           28900.000           2.090E-14
           29824.453           29824.453           2.208E-14
           30758.349           30758.349           1.715E-14
           31701.372           31701.372           1.756E-14
           32653.203           32653.203           1.638E-14
           33613.522           33613.522           1.905E-14
           34582.004           34582.004           2.104E-14
           35558.323           35558.323           1.310E-14
           36542.149           36542.149           2.051E-14
           37533.149           37533.149           1.764E-14
           38530.990           38530.990           2.455E-14
           39535.335           39535.335           2.613E-14
           40545.844           40545.844           2.243E-14
           41562.177           41562.177           1.558E-14
           42583.990           42583.990           1.640E-14
           43610.939           43610.939           1.752E-14
           44642.677           44642.677           1.516E-14
           45678.856           45678.856           2.485E-14
           46719.125           46719.125           2.087E-14
           47763.135           47763.135           1.615E-14
           48810.533           48810.533           2.161E-14
           49860.964           49860.964           1.503E-14
           50914.075           50914.075           1.872E-14
           51969.511           51969.511           1.722E-14
           53026.914           53026.914           2.264E-14
           54085.928           54085.928           1.924E-14
           55146.196           55146.196           1.821E-14
           56207.359           56207.359           2.524E-14
           57269.060           57269.060           2.096E-14
           58330.940           58330.940           1.609E-14
           59392.641           59392.641           2.083E-14
           60453.804           60453.804           1.962E-14
           61514.072           61514.072           1.822E-14
           62573.086           62573.086           1.942E-14
           63630.489           63630.489           2.161E-14
           64685.925           64685.925           1.575E-14
           65739.036           65739.036           1.638E-14
           66789.467           66789.467           1.830E-14
           67836.865           67836.865           1.759E-14
           68880.875           68880.875           2.134E-14
           69921.144           69921.144           2.373E-14
           70957.323           70957.323           2.051E-14
           71989.061           71989.061           1.718E-14
           73016.010           73016.010           1.774E-14
           74037.823           74037.823           2.044E-14
           75054.156           75054.156           2.617E-14
           76064.665           76064.665           2.391E-14
           77069.010           77069.010           1.907E-14
           78066.851           78066.851           3.020E-14
           79057.851           79057.851           1.785E-14
           80041.677           80041.677           1.218E-14
           81017.996           81017.996           1.922E-14
           81986.478           81986.478           1.828E-14
           82946.797           82946.797           2.667E-14
           83898.628           83898.628           2.411E-14
           84841.651           84841.651           1.612E-14
           85775.547           85775.547           1.578E-14
           86700.000           86700.000           1.360E-14
           87614.699           87614.699           1.794E-14
           88519.336           88519.336           1.693E-14
           89413.604           89413.604           1.953E-14
           90297.201           90297.201           1.628E-14
           91169.831           91169.831           2.107E-14
           92031.198           92031.198           2.546E-14
           92881.011           92881.011           2.381E-14
           93718.983           93718.983           2.205E-14
           94544.833           94544.833           2.216E-14
           95358.280           95358.280           1.282E-14
           96159.051           96159.051           1.755E-14
           96946.875           96946.875           2.146E-14
           97721.486           97721.486           2.353E-14
           98482.623           98482.623           2.541E-14
           99230.029           99230.029           2.200E-14
           99963.452           99963.452           2.285E-14
           100682.64           100682.64           1.474E-14
           101387.36           101387.36           1.737E-14
           102077.37           102077.37           2.580E-14
           102752.43           102752.43           1.855E-14
           103412.32           103412.32           2.378E-14
           104056.82           104056.82           2.070E-14
           104685.70           104685.70           1.710E-14
           105298.76           105298.76           2.446E-14
           105895.78           105895.78           1.718E-14
           106476.58           106476.58           1.968E-14
           107040.94           107040.94           1.822E-14
           107588.69           107588.69           2.002E-14
           108119.63           108119.63           2.342E-14
           108633.58           108633.58           1.273E-14
           109130.38           109130.38           1.947E-14
           109609.86           109609.86           1.779E-14
           110071.84           110071.84           1.758E-14
           110516.19           110516.19           2.080E-14
           110942.74           110942.74           1.220E-14
           111351.36           111351.36           1.790E-14
           111741.90           111741.90           2.344E-14
           112114.23           112114.23           2.181E-14
           112468.24           112468.24           1.993E-14
           112803.79           112803.79           1.987E-14
           113120.78           113120.78           1.801E-14
           113419.09           113419.09           1.552E-14
           113698.63           113698.63           1.446E-14
           113959.31           113959.31           1.915E-14
           114201.03           114201.03           1.899E-14
           114423.72           114423.72           2.391E-14
           114627.29           114627.29           2.184E-14
           114811.68           114811.68           2.319E-14
           114976.83           114976.83           1.987E-14
           115122.69           115122.69           2.136E-14
           115249.19           115249.19           1.907E-14
           115356.31           115356.31           1.892E-14
           115444.00           115444.00           1.929E-14
           115512.23           115512.23           1.839E-14
           115560.99           115560.99           2.355E-14
           115590.25           115590.25           2.203E-14
