Method used: buckling
Dimension: 140
Tolerance used: 1.00000E-10
Number of iterations for Jacobi: 36724
Time used for Jacobi: 4.7952260
Time used for Armadillo: 0.0022750000

|      Analytical        |       Computed        |   Relative Error:   
           9.7297039           9.7297039           4.329E-13
           38.913986           38.913986           1.059E-13
           87.538358           87.538358           4.545E-14
           155.57868           155.57868           7.855E-15
           243.00118           243.00118           1.708E-14
           349.76246           349.76246           1.251E-14
           475.80953           475.80953           1.649E-14
           621.07980           621.07980           1.080E-14
           785.50116           785.50116           2.229E-14
           968.99200           968.99200           1.678E-14
           1171.4612           1171.4612           1.708E-14
           1392.8083           1392.8083           1.763E-14
           1632.9234           1632.9234           1.211E-14
           1891.6874           1891.6874           1.767E-14
           2168.9716           2168.9716           8.177E-15
           2464.6386           2464.6386           1.900E-14
           2778.5415           2778.5415           1.686E-14
           3110.5244           3110.5244           2.164E-14
           3460.4227           3460.4227           1.656E-14
           3828.0626           3828.0626           1.022E-14
           4213.2616           4213.2616           1.921E-14
           4615.8285           4615.8285           1.419E-14
           5035.5635           5035.5635           1.806E-14
           5472.2581           5472.2581           1.662E-14
           5925.6956           5925.6956           1.995E-14
           6395.6510           6395.6510           1.621E-14
           6881.8908           6881.8908           1.877E-14
           7384.1738           7384.1738           1.355E-14
           7902.2507           7902.2507           1.220E-14
           8435.8641           8435.8641           1.725E-14
           8984.7493           8984.7493           2.025E-14
           9548.6337           9548.6337           1.429E-14
           10127.237           10127.237           1.814E-14
           10720.273           10720.273           1.408E-14
           11327.447           11327.447           1.269E-14
           11948.457           11948.457           1.751E-14
           12582.995           12582.995           1.836E-14
           13230.746           13230.746           1.595E-14
           13891.388           13891.388           1.545E-14
           14564.594           14564.594           1.873E-14
           15250.030           15250.030           1.062E-14
           15947.354           15947.354           1.220E-14
           16656.221           16656.221           1.551E-14
           17376.280           17376.280           1.738E-14
           18107.172           18107.172           1.467E-14
           18848.535           18848.535           1.370E-14
           19600.000           19600.000           1.058E-14
           20361.195           20361.195           1.590E-14
           21131.742           21131.742           1.635E-14
           21911.259           21911.259           1.494E-14
           22699.357           22699.357           1.603E-14
           23495.647           23495.647           1.610E-14
           24299.733           24299.733           1.527E-14
           25111.215           25111.215           1.681E-14
           25929.692           25929.692           1.487E-14
           26754.755           26754.755           1.564E-14
           27585.997           27585.997           2.018E-14
           28423.004           28423.004           1.446E-14
           29265.361           29265.361           1.467E-14
           30112.650           30112.650           1.728E-14
           30964.450           30964.450           1.328E-14
           31820.338           31820.338           1.703E-14
           32679.889           32679.889           1.703E-14
           33542.677           33542.677           1.822E-14
           34408.274           34408.274           1.671E-14
           35276.249           35276.249           1.547E-14
           36146.172           36146.172           2.033E-14
           37017.611           37017.611           2.595E-14
           37890.133           37890.133           1.383E-14
           38763.305           38763.305           1.239E-14
           39636.695           39636.695           1.762E-14
           40509.867           40509.867           1.347E-14
           41382.389           41382.389           2.198E-14
           42253.828           42253.828           1.481E-14
           43123.751           43123.751           1.890E-14
           43991.726           43991.726           2.249E-14
           44857.323           44857.323           1.330E-14
           45720.111           45720.111           1.655E-14
           46579.662           46579.662           1.578E-14
           47435.550           47435.550           1.595E-14
           48287.350           48287.350           1.582E-14
           49134.639           49134.639           1.274E-14
           49976.996           49976.996           1.543E-14
           50814.003           50814.003           1.461E-14
           51645.245           51645.245           8.876E-15
           52470.308           52470.308           1.969E-14
           53288.785           53288.785           1.283E-14
           54100.267           54100.267           1.493E-14
           54904.353           54904.353           1.617E-14
           55700.643           55700.643           1.463E-14
           56488.741           56488.741           2.215E-14
           57268.258           57268.258           2.033E-14
           58038.805           58038.805           2.357E-14
           58800.000           58800.000           1.126E-14
           59551.465           59551.465           1.588E-14
           60292.828           60292.828           2.269E-14
           61023.720           61023.720           1.967E-14
           61743.779           61743.779           1.720E-14
           62452.646           62452.646           1.643E-14
           63149.970           63149.970           2.143E-14
           63835.406           63835.406           2.029E-14
           64508.612           64508.612           1.771E-14
           65169.254           65169.254           2.132E-14
           65817.005           65817.005           1.592E-14
           66451.543           66451.543           1.467E-14
           67072.553           67072.553           1.605E-14
           67679.727           67679.727           1.763E-14
           68272.763           68272.763           1.492E-14
           68851.366           68851.366           2.071E-14
           69415.251           69415.251           1.740E-14
           69964.136           69964.136           1.061E-14
           70497.749           70497.749           1.651E-14
           71015.826           71015.826           2.090E-14
           71518.109           71518.109           1.730E-14
           72004.349           72004.349           1.617E-14
           72474.304           72474.304           1.486E-14
           72927.742           72927.742           1.756E-14
           73364.437           73364.437           1.428E-14
           73784.171           73784.171           2.130E-14
           74186.738           74186.738           1.550E-14
           74571.937           74571.937           2.029E-14
           74939.577           74939.577           1.631E-14
           75289.476           75289.476           1.488E-14
           75621.459           75621.459           2.001E-14
           75935.361           75935.361           2.051E-14
           76231.028           76231.028           1.813E-14
           76508.313           76508.313           1.693E-14
           76767.077           76767.077           1.915E-14
           77007.192           77007.192           1.531E-14
           77228.539           77228.539           1.583E-14
           77431.008           77431.008           2.255E-14
           77614.499           77614.499           2.212E-14
           77778.920           77778.920           1.815E-14
           77924.190           77924.190           1.774E-14
           78050.238           78050.238           2.107E-14
           78156.999           78156.999           1.825E-14
           78244.421           78244.421           2.120E-14
           78312.462           78312.462           2.248E-14
           78361.086           78361.086           1.857E-14
           78390.270           78390.270           1.764E-14
