Method used: buckling
Dimension: 230
Tolerance used: 1.00000E-10
Number of iterations for Jacobi: 99823
Time used for Jacobi: 33.995549
Time used for Armadillo: 0.0058140000

|      Analytical        |       Computed        |   Relative Error:   
           9.7841874           9.7841874           2.733E-12
           39.134940           39.134940           1.970E-13
           88.046829           88.046829           1.517E-13
           156.51081           156.51081           2.996E-14
           244.51422           244.51422           6.591E-14
           352.04077           352.04077           1.986E-14
           479.07059           479.07059           8.187E-15
           625.58018           625.58018           1.690E-14
           791.54244           791.54244           1.077E-14
           976.92667           976.92667           1.338E-14
           1181.6986           1181.6986           2.347E-14
           1405.8203           1405.8203           1.148E-14
           1649.2504           1649.2504           3.033E-14
           1911.9438           1911.9438           3.080E-14
           2193.8520           2193.8520           2.715E-14
           2494.9228           2494.9228           3.244E-14
           2815.1005           2815.1005           3.134E-14
           3154.3259           3154.3259           3.402E-14
           3512.5363           3512.5363           2.576E-14
           3889.6654           3889.6654           3.379E-14
           4285.6434           4285.6434           3.459E-14
           4700.3971           4700.3971           3.618E-14
           5133.8499           5133.8499           2.746E-14
           5585.9215           5585.9215           3.484E-14
           6056.5283           6056.5283           2.553E-14
           6545.5833           6545.5833           3.182E-14
           7052.9961           7052.9961           3.095E-14
           7578.6727           7578.6727           2.532E-14
           8122.5160           8122.5160           3.090E-14
           8684.4253           8684.4253           3.058E-14
           9264.2967           9264.2967           2.906E-14
           9862.0231           9862.0231           2.453E-14
           10477.494           10477.494           2.917E-14
           11110.595           11110.595           1.768E-14
           11761.210           11761.210           2.645E-14
           12429.217           12429.217           2.927E-14
           13114.494           13114.494           2.719E-14
           13816.914           13816.914           3.041E-14
           14536.347           14536.347           3.028E-14
           15272.660           15272.660           1.941E-14
           16025.716           16025.716           2.191E-14
           16795.376           16795.376           2.578E-14
           17581.499           17581.499           3.062E-14
           18383.938           18383.938           3.067E-14
           19202.545           19202.545           3.581E-14
           20037.169           20037.169           2.832E-14
           20887.655           20887.655           3.048E-14
           21753.846           21753.846           3.361E-14
           22635.583           22635.583           2.877E-14
           23532.701           23532.701           2.365E-14
           24445.034           24445.034           2.843E-14
           25372.415           25372.415           2.337E-14
           26314.672           26314.672           3.069E-14
           27271.630           27271.630           2.935E-14
           28243.112           28243.112           2.911E-14
           29228.939           29228.939           2.464E-14
           30228.928           30228.928           3.225E-14
           31242.894           31242.894           2.888E-14
           32270.651           32270.651           2.514E-14
           33312.007           33312.007           2.796E-14
           34366.770           34366.770           2.731E-14
           35434.745           35434.745           3.121E-14
           36515.734           36515.734           2.989E-14
           37609.539           37609.539           3.134E-14
           38715.955           38715.955           2.593E-14
           39834.779           39834.779           2.484E-14
           40965.804           40965.804           3.375E-14
           42108.820           42108.820           2.834E-14
           43263.616           43263.616           2.439E-14
           44429.979           44429.979           2.227E-14
           45607.693           45607.693           2.425E-14
           46796.539           46796.539           2.488E-14
           47996.299           47996.299           2.804E-14
           49206.749           49206.749           2.987E-14
           50427.667           50427.667           2.698E-14
           51658.827           51658.827           3.254E-14
           52900.000           52900.000           2.723E-14
           54150.957           54150.957           2.956E-14
           55411.468           55411.468           2.771E-14
           56681.298           56681.298           3.556E-14
           57960.212           57960.212           2.724E-14
           59247.975           59247.975           2.739E-14
           60544.348           60544.348           3.137E-14
           61849.092           61849.092           2.306E-14
           63161.964           63161.964           2.626E-14
           64482.723           64482.723           3.363E-14
           65811.123           65811.123           2.410E-14
           67146.920           67146.920           2.817E-14
           68489.865           68489.865           2.273E-14
           69839.712           69839.712           2.834E-14
           71196.209           71196.209           1.880E-14
           72559.107           72559.107           3.329E-14
           73928.153           73928.153           2.618E-14
           75303.094           75303.094           2.396E-14
           76683.675           76683.675           2.486E-14
           78069.642           78069.642           2.740E-14
           79460.737           79460.737           2.381E-14
           80856.705           80856.705           3.114E-14
           82257.285           82257.285           3.167E-14
           83662.220           83662.220           2.400E-14
           85071.250           85071.250           2.737E-14
           86484.113           86484.113           3.096E-14
           87900.549           87900.549           2.202E-14
           89320.296           89320.296           2.933E-14
           90743.090           90743.090           2.854E-14
           92168.670           92168.670           2.400E-14
           93596.770           93596.770           2.596E-14
           95027.128           95027.128           2.665E-14
           96459.478           96459.478           2.006E-14
           97893.556           97893.556           3.538E-14
           99329.096           99329.096           2.491E-14
           100765.83           100765.83           3.740E-14
           102203.50           102203.50           2.990E-14
           103641.83           103641.83           3.047E-14
           105080.57           105080.57           2.437E-14
           106519.43           106519.43           2.732E-14
           107958.17           107958.17           3.168E-14
           109396.50           109396.50           2.567E-14
           110834.17           110834.17           3.335E-14
           112270.90           112270.90           2.489E-14
           113706.44           113706.44           2.636E-14
           115140.52           115140.52           2.540E-14
           116572.87           116572.87           2.909E-14
           118003.23           118003.23           2.984E-14
           119431.33           119431.33           2.242E-14
           120856.91           120856.91           2.974E-14
           122279.70           122279.70           2.130E-14
           123699.45           123699.45           3.106E-14
           125115.89           125115.89           2.570E-14
           126528.75           126528.75           2.519E-14
           127937.78           127937.78           3.185E-14
           129342.71           129342.71           3.229E-14
           130743.30           130743.30           3.328E-14
           132139.26           132139.26           2.004E-14
           133530.36           133530.36           3.509E-14
           134916.32           134916.32           2.610E-14
           136296.91           136296.91           2.776E-14
           137671.85           137671.85           2.917E-14
           139040.89           139040.89           2.554E-14
           140403.79           140403.79           2.653E-14
           141760.29           141760.29           2.833E-14
           143110.13           143110.13           2.745E-14
           144453.08           144453.08           2.539E-14
           145788.88           145788.88           3.154E-14
           147117.28           147117.28           3.007E-14
           148438.04           148438.04           3.686E-14
           149750.91           149750.91           2.080E-14
           151055.65           151055.65           3.083E-14
           152352.02           152352.02           2.560E-14
           153639.79           153639.79           2.614E-14
           154918.70           154918.70           2.236E-14
           156188.53           156188.53           3.615E-14
           157449.04           157449.04           3.346E-14
           158700.00           158700.00           4.126E-14
           159941.17           159941.17           2.584E-14
           161172.33           161172.33           3.106E-14
           162393.25           162393.25           3.029E-14
           163603.70           163603.70           2.402E-14
           164803.46           164803.46           2.684E-14
           165992.31           165992.31           2.928E-14
           167170.02           167170.02           2.751E-14
           168336.38           168336.38           3.233E-14
           169491.18           169491.18           1.820E-14
           170634.20           170634.20           2.456E-14
           171765.22           171765.22           2.287E-14
           172884.05           172884.05           2.811E-14
           173990.46           173990.46           2.660E-14
           175084.27           175084.27           3.108E-14
           176165.26           176165.26           3.502E-14
           177233.23           177233.23           2.808E-14
           178287.99           178287.99           2.938E-14
           179329.35           179329.35           2.467E-14
           180357.11           180357.11           3.034E-14
           181371.07           181371.07           3.225E-14
           182371.06           182371.06           2.442E-14
           183356.89           183356.89           2.349E-14
           184328.37           184328.37           2.463E-14
           185285.33           185285.33           2.230E-14
           186227.58           186227.58           2.813E-14
           187154.97           187154.97           1.913E-14
           188067.30           188067.30           2.290E-14
           188964.42           188964.42           2.742E-14
           189846.15           189846.15           2.422E-14
           190712.34           190712.34           3.205E-14
           191562.83           191562.83           2.689E-14
           192397.46           192397.46           2.677E-14
           193216.06           193216.06           2.591E-14
           194018.50           194018.50           2.505E-14
           194804.62           194804.62           2.913E-14
           195574.28           195574.28           3.646E-14
           196327.34           196327.34           1.986E-14
           197063.65           197063.65           3.353E-14
           197783.09           197783.09           2.104E-14
           198485.51           198485.51           3.197E-14
           199170.78           199170.78           2.762E-14
           199838.79           199838.79           3.612E-14
           200489.41           200489.41           2.831E-14
           201122.51           201122.51           3.111E-14
           201737.98           201737.98           2.828E-14
           202335.70           202335.70           2.373E-14
           202915.57           202915.57           2.696E-14
           203477.48           203477.48           2.103E-14
           204021.33           204021.33           3.053E-14
           204547.00           204547.00           2.888E-14
           205054.42           205054.42           3.350E-14
           205543.47           205543.47           2.407E-14
           206014.08           206014.08           3.207E-14
           206466.15           206466.15           2.199E-14
           206899.60           206899.60           2.968E-14
           207314.36           207314.36           2.499E-14
           207710.33           207710.33           2.830E-14
           208087.46           208087.46           2.853E-14
           208445.67           208445.67           2.374E-14
           208784.90           208784.90           3.150E-14
           209105.08           209105.08           2.491E-14
           209406.15           209406.15           3.197E-14
           209688.06           209688.06           3.040E-14
           209950.75           209950.75           3.161E-14
           210194.18           210194.18           2.852E-14
           210418.30           210418.30           2.531E-14
           210623.07           210623.07           2.943E-14
           210808.46           210808.46           3.507E-14
           210974.42           210974.42           3.325E-14
           211120.93           211120.93           3.377E-14
           211247.96           211247.96           3.871E-14
           211355.49           211355.49           3.704E-14
           211443.49           211443.49           2.904E-14
           211511.95           211511.95           3.619E-14
           211560.87           211560.87           3.591E-14
           211590.22           211590.22           3.370E-14
