Method used: buckling
Dimension: 130
Tolerance used: 1.00000E-10
Number of iterations for Jacobi: 31514
Time used for Jacobi: 3.4692790
Time used for Armadillo: 0.0017280000

|      Analytical        |       Computed        |   Relative Error:   
           9.7190327           9.7190327           4.041E-13
           38.870542           38.870542           6.581E-14
           87.437762           87.437762           5.591E-14
           155.39276           155.39276           3.804E-14
           242.69646           242.69646           2.565E-14
           349.29866           349.29866           2.457E-14
           475.13804           475.13804           1.340E-14
           620.14224           620.14224           1.430E-14
           784.22787           784.22787           1.580E-14
           967.30056           967.30056           2.221E-14
           1169.2550           1169.2550           1.381E-14
           1389.9751           1389.9751           1.701E-14
           1629.3339           1629.3339           1.228E-14
           1887.1938           1887.1938           1.687E-14
           2163.4064           2163.4064           2.081E-14
           2457.8130           2457.8130           1.739E-14
           2770.2441           2770.2441           1.888E-14
           3100.5201           3100.5201           1.173E-14
           3448.4512           3448.4512           1.279E-14
           3813.8371           3813.8371           1.347E-14
           4196.4678           4196.4678           1.821E-14
           4596.1232           4596.1232           1.682E-14
           5012.5735           5012.5735           1.615E-14
           5445.5792           5445.5792           5.846E-15
           5894.8912           5894.8912           1.034E-14
           6360.2512           6360.2512           1.444E-14
           6841.3916           6841.3916           1.489E-14
           7338.0356           7338.0356           1.140E-14
           7849.8976           7849.8976           1.448E-14
           8376.6833           8376.6833           1.411E-14
           8918.0897           8918.0897           2.203E-14
           9473.8054           9473.8054           1.421E-14
           10043.511           10043.511           1.449E-14
           10626.879           10626.879           1.130E-14
           11223.573           11223.573           7.779E-15
           11833.251           11833.251           1.091E-14
           12455.561           12455.561           1.972E-14
           13090.147           13090.147           1.501E-14
           13736.643           13736.643           1.470E-14
           14394.677           14394.677           1.314E-14
           15063.870           15063.870           1.497E-14
           15743.839           15743.839           1.386E-14
           16434.192           16434.192           1.240E-14
           17134.531           17134.531           1.656E-14
           17844.455           17844.455           1.346E-14
           18563.555           18563.555           1.823E-14
           19291.417           19291.417           1.113E-14
           20027.623           20027.623           1.381E-14
           20771.749           20771.749           1.524E-14
           21523.367           21523.367           1.961E-14
           22282.046           22282.046           1.127E-14
           23047.348           23047.348           1.894E-14
           23818.835           23818.835           1.115E-14
           24596.061           24596.061           1.139E-14
           25378.581           25378.581           1.649E-14
           26165.943           26165.943           1.543E-14
           26957.696           26957.696           1.565E-14
           27753.384           27753.384           1.429E-14
           28552.549           28552.549           1.695E-14
           29354.732           29354.732           1.388E-14
           30159.471           30159.471           1.761E-14
           30966.304           30966.304           1.093E-14
           31774.767           31774.767           1.534E-14
           32584.394           32584.394           1.831E-14
           33394.720           33394.720           1.917E-14
           34205.280           34205.280           1.446E-14
           35015.606           35015.606           1.268E-14
           35825.233           35825.233           1.097E-14
           36633.696           36633.696           1.728E-14
           37440.529           37440.529           1.205E-14
           38245.268           38245.268           1.731E-14
           39047.451           39047.451           1.435E-14
           39846.616           39846.616           1.461E-14
           40642.304           40642.304           1.575E-14
           41434.057           41434.057           1.089E-14
           42221.419           42221.419           1.327E-14
           43003.939           43003.939           1.878E-14
           43781.165           43781.165           1.845E-14
           44552.652           44552.652           1.470E-14
           45317.954           45317.954           1.782E-14
           46076.633           46076.633           1.642E-14
           46828.251           46828.251           9.789E-15
           47572.377           47572.377           1.805E-14
           48308.583           48308.583           1.115E-14
           49036.445           49036.445           1.469E-14
           49755.545           49755.545           1.433E-14
           50465.469           50465.469           1.312E-14
           51165.808           51165.808           2.048E-14
           51856.161           51856.161           1.656E-14
           52536.130           52536.130           1.260E-14
           53205.323           53205.323           1.791E-14
           53863.357           53863.357           1.216E-14
           54509.853           54509.853           1.562E-14
           55144.439           55144.439           1.557E-14
           55766.749           55766.749           1.840E-14
           56376.427           56376.427           1.807E-14
           56973.121           56973.121           1.558E-14
           57556.489           57556.489           1.176E-14
           58126.195           58126.195           1.001E-14
           58681.910           58681.910           2.319E-14
           59223.317           59223.317           9.829E-15
           59750.102           59750.102           1.169E-14
           60261.964           60261.964           1.244E-14
           60758.608           60758.608           1.509E-14
           61239.749           61239.749           1.830E-14
           61705.109           61705.109           1.026E-14
           62154.421           62154.421           1.416E-14
           62587.426           62587.426           1.151E-14
           63003.877           63003.877           1.305E-14
           63403.532           63403.532           1.033E-14
           63786.163           63786.163           1.380E-14
           64151.549           64151.549           1.191E-14
           64499.480           64499.480           2.053E-14
           64829.756           64829.756           1.650E-14
           65142.187           65142.187           1.754E-14
           65436.594           65436.594           1.412E-14
           65712.806           65712.806           1.506E-14
           65970.666           65970.666           1.478E-14
           66210.025           66210.025           1.604E-14
           66430.745           66430.745           9.857E-15
           66632.699           66632.699           1.048E-14
           66815.772           66815.772           1.764E-14
           66979.858           66979.858           1.629E-14
           67124.862           67124.862           1.626E-14
           67250.701           67250.701           1.753E-14
           67357.304           67357.304           1.772E-14
           67444.607           67444.607           1.705E-14
           67512.562           67512.562           2.220E-14
           67561.129           67561.129           1.034E-14
           67590.281           67590.281           1.765E-14
