Method used: buckling
Dimension: 290
Tolerance used: 1.00000E-10
Number of iterations for Jacobi: 158133
Time used for Jacobi: 104.01644
Time used for Armadillo: 0.0097810000

|      Analytical        |       Computed        |   Relative Error:   
           9.8017934           9.8017934           1.130E-12
           39.206031           39.206031           4.286E-13
           88.209287           88.209287           4.318E-14
           156.80585           156.80585           2.646E-14
           244.98772           244.98772           8.074E-14
           352.74463           352.74463           3.529E-14
           480.06401           480.06401           7.791E-14
           626.93102           626.93102           4.479E-14
           793.32856           793.32856           1.032E-14
           979.23722           979.23722           2.450E-14
           1184.6353           1184.6353           3.724E-14
           1409.4990           1409.4990           4.033E-14
           1653.8019           1653.8019           4.111E-14
           1917.5157           1917.5157           4.340E-14
           2200.6096           2200.6096           3.224E-14
           2503.0506           2503.0506           3.561E-14
           2824.8034           2824.8034           4.218E-14
           3165.8306           3165.8306           3.060E-14
           3526.0925           3526.0925           4.578E-14
           3905.5469           3905.5469           3.644E-14
           4304.1498           4304.1498           4.163E-14
           4721.8545           4721.8545           4.276E-14
           5158.6126           5158.6126           3.420E-14
           5614.3730           5614.3730           4.277E-14
           6089.0826           6089.0826           3.883E-14
           6582.6862           6582.6862           4.449E-14
           7095.1261           7095.1261           4.256E-14
           7626.3426           7626.3426           3.947E-14
           8176.2740           8176.2740           4.438E-14
           8744.8559           8744.8559           3.911E-14
           9332.0223           9332.0223           4.152E-14
           9937.7046           9937.7046           3.972E-14
           10561.832           10561.832           3.892E-14
           11204.332           11204.332           4.042E-14
           11865.130           11865.130           3.833E-14
           12544.149           12544.149           4.394E-14
           13241.309           13241.309           3.846E-14
           13956.530           13956.530           4.210E-14
           14689.728           14689.728           3.418E-14
           15440.817           15440.817           4.312E-14
           16209.710           16209.710           3.770E-14
           16996.317           16996.317           3.489E-14
           17800.547           17800.547           4.149E-14
           18622.306           18622.306           3.302E-14
           19461.498           19461.498           3.795E-14
           20318.026           20318.026           4.118E-14
           21191.789           21191.789           3.966E-14
           22082.686           22082.686           3.888E-14
           22990.613           22990.613           3.291E-14
           23915.463           23915.463           3.423E-14
           24857.130           24857.130           3.820E-14
           25815.504           25815.504           3.058E-14
           26790.472           26790.472           3.694E-14
           27781.921           27781.921           3.064E-14
           28789.737           28789.737           2.932E-14
           29813.800           29813.800           3.636E-14
           30853.992           30853.992           3.832E-14
           31910.192           31910.192           3.614E-14
           32982.276           32982.276           3.574E-14
           34070.119           34070.119           3.438E-14
           35173.596           35173.596           3.723E-14
           36292.576           36292.576           5.192E-14
           37426.930           37426.930           2.916E-14
           38576.526           38576.526           3.678E-14
           39741.229           39741.229           3.387E-14
           40920.904           40920.904           4.498E-14
           42115.414           42115.414           3.801E-14
           43324.618           43324.618           3.359E-14
           44548.377           44548.377           4.328E-14
           45786.547           45786.547           3.305E-14
           47038.984           47038.984           3.635E-14
           48305.542           48305.542           4.157E-14
           49586.074           49586.074           4.651E-14
           50880.431           50880.431           3.890E-14
           52188.461           52188.461           3.611E-14
           53510.012           53510.012           3.970E-14
           54844.930           54844.930           3.741E-14
           56193.059           56193.059           3.613E-14
           57554.243           57554.243           3.552E-14
           58928.322           58928.322           4.309E-14
           60315.137           60315.137           3.329E-14
           61714.526           61714.526           3.702E-14
           63126.326           63126.326           3.642E-14
           64550.372           64550.372           3.224E-14
           65986.498           65986.498           3.573E-14
           67434.538           67434.538           3.582E-14
           68894.321           68894.321           4.013E-14
           70365.678           70365.678           3.164E-14
           71848.438           71848.438           3.301E-14
           73342.428           73342.428           3.710E-14
           74847.473           74847.473           4.141E-14
           76363.398           76363.398           3.849E-14
           77890.027           77890.027           3.120E-14
           79427.181           79427.181           3.921E-14
           80974.682           80974.682           4.277E-14
           82532.349           82532.349           3.368E-14
           84100.000           84100.000           3.374E-14
           85677.453           85677.453           3.652E-14
           87264.524           87264.524           4.703E-14
           88861.028           88861.028           2.751E-14
           90466.779           90466.779           3.571E-14
           92081.590           92081.590           3.192E-14
           93705.272           93705.272           2.997E-14
           95337.636           95337.636           3.969E-14
           96978.493           96978.493           4.126E-14
           98627.650           98627.650           3.364E-14
           100284.92           100284.92           4.368E-14
           101950.10           101950.10           3.240E-14
           103623.00           103623.00           3.988E-14
           105303.43           105303.43           3.482E-14
           106991.19           106991.19           4.230E-14
           108686.08           108686.08           3.749E-14
           110387.91           110387.91           4.232E-14
           112096.48           112096.48           3.492E-14
           113811.59           113811.59           3.184E-14
           115533.03           115533.03           4.736E-14
           117260.62           117260.62           3.748E-14
           118994.14           118994.14           4.195E-14
           120733.39           120733.39           3.182E-14
           122478.18           122478.18           4.099E-14
           124228.30           124228.30           3.795E-14
           125983.54           125983.54           3.153E-14
           127743.70           127743.70           3.372E-14
           129508.58           129508.58           3.360E-14
           131277.97           131277.97           3.481E-14
           133051.66           133051.66           3.172E-14
           134829.44           134829.44           2.828E-14
           136611.12           136611.12           3.984E-14
           138396.48           138396.48           3.890E-14
           140185.31           140185.31           4.256E-14
           141977.40           141977.40           4.387E-14
           143772.55           143772.55           2.672E-14
           145570.55           145570.55           3.899E-14
           147371.19           147371.19           4.147E-14
           149174.25           149174.25           3.785E-14
           150979.54           150979.54           2.718E-14
           152786.82           152786.82           3.829E-14
           154595.91           154595.91           4.443E-14
           156406.58           156406.58           3.480E-14
           158218.63           158218.63           3.550E-14
           160031.83           160031.83           4.365E-14
           161845.99           161845.99           3.758E-14
           163660.90           163660.90           3.521E-14
           165476.33           165476.33           4.028E-14
           167292.07           167292.07           3.358E-14
           169107.93           169107.93           4.217E-14
           170923.67           170923.67           3.337E-14
           172739.10           172739.10           2.763E-14
           174554.01           174554.01           3.435E-14
           176368.17           176368.17           2.888E-14
           178181.37           178181.37           3.789E-14
           179993.42           179993.42           3.347E-14
           181804.09           181804.09           3.490E-14
           183613.18           183613.18           4.185E-14
           185420.46           185420.46           3.500E-14
           187225.75           187225.75           3.327E-14
           189028.81           189028.81           3.726E-14
           190829.45           190829.45           3.904E-14
           192627.45           192627.45           2.387E-14
           194422.60           194422.60           3.772E-14
           196214.69           196214.69           3.931E-14
           198003.52           198003.52           4.336E-14
           199788.88           199788.88           3.438E-14
           201570.56           201570.56           3.740E-14
           203348.34           203348.34           3.950E-14
           205122.03           205122.03           3.916E-14
           206891.42           206891.42           3.348E-14
           208656.30           208656.30           4.561E-14
           210416.46           210416.46           4.578E-14
           212171.70           212171.70           4.170E-14
           213921.82           213921.82           3.619E-14
           215666.61           215666.61           3.239E-14
           217405.86           217405.86           3.681E-14
           219139.38           219139.38           3.851E-14
           220866.97           220866.97           4.296E-14
           222588.41           222588.41           2.772E-14
           224303.52           224303.52           2.932E-14
           226012.09           226012.09           3.361E-14
           227713.92           227713.92           4.282E-14
           229408.81           229408.81           4.085E-14
           231096.57           231096.57           3.438E-14
           232777.00           232777.00           3.663E-14
           234449.90           234449.90           4.258E-14
           236115.08           236115.08           4.277E-14
           237772.35           237772.35           3.023E-14
           239421.51           239421.51           3.793E-14
           241062.36           241062.36           3.513E-14
           242694.73           242694.73           3.322E-14
           244318.41           244318.41           3.466E-14
           245933.22           245933.22           3.172E-14
           247538.97           247538.97           3.245E-14
           249135.48           249135.48           3.738E-14
           250722.55           250722.55           2.972E-14
           252300.00           252300.00           3.207E-14
           253867.65           253867.65           3.978E-14
           255425.32           255425.32           4.159E-14
           256972.82           256972.82           3.658E-14
           258509.97           258509.97           3.141E-14
           260036.60           260036.60           3.089E-14
           261552.53           261552.53           3.961E-14
           263057.57           263057.57           2.965E-14
           264551.56           264551.56           2.882E-14
           266034.32           266034.32           4.070E-14
           267505.68           267505.68           3.960E-14
           268965.46           268965.46           4.112E-14
           270413.50           270413.50           4.563E-14
           271849.63           271849.63           3.619E-14
           273273.67           273273.67           3.813E-14
           274685.47           274685.47           4.047E-14
           276084.86           276084.86           4.111E-14
           277471.68           277471.68           4.049E-14
           278845.76           278845.76           3.653E-14
           280206.94           280206.94           3.095E-14
           281555.07           281555.07           3.928E-14
           282889.99           282889.99           4.156E-14
           284211.54           284211.54           3.584E-14
           285519.57           285519.57           3.241E-14
           286813.93           286813.93           2.862E-14
           288094.46           288094.46           3.920E-14
           289361.02           289361.02           4.063E-14
           290613.45           290613.45           3.986E-14
           291851.62           291851.62           4.348E-14
           293075.38           293075.38           3.357E-14
           294284.59           294284.59           3.758E-14
           295479.10           295479.10           3.408E-14
           296658.77           296658.77           3.983E-14
           297823.47           297823.47           3.870E-14
           298973.07           298973.07           3.135E-14
           300107.42           300107.42           3.743E-14
           301226.40           301226.40           3.633E-14
           302329.88           302329.88           4.409E-14
           303417.72           303417.72           4.144E-14
           304489.81           304489.81           4.301E-14
           305546.01           305546.01           3.277E-14
           306586.20           306586.20           3.209E-14
           307610.26           307610.26           2.365E-14
           308618.08           308618.08           4.470E-14
           309609.53           309609.53           3.873E-14
           310584.50           310584.50           2.755E-14
           311542.87           311542.87           3.494E-14
           312484.54           312484.54           3.111E-14
           313409.39           313409.39           4.606E-14
           314317.31           314317.31           3.944E-14
           315208.21           315208.21           4.284E-14
           316081.97           316081.97           3.701E-14
           316938.50           316938.50           4.757E-14
           317777.69           317777.69           3.938E-14
           318599.45           318599.45           3.818E-14
           319403.68           319403.68           3.699E-14
           320190.29           320190.29           3.418E-14
           320959.18           320959.18           3.954E-14
           321710.27           321710.27           3.926E-14
           322443.47           322443.47           4.008E-14
           323158.69           323158.69           3.783E-14
           323855.85           323855.85           3.199E-14
           324534.87           324534.87           4.287E-14
           325195.67           325195.67           4.135E-14
           325838.17           325838.17           4.002E-14
           326462.30           326462.30           3.887E-14
           327067.98           327067.98           3.275E-14
           327655.14           327655.14           4.406E-14
           328223.73           328223.73           3.582E-14
           328773.66           328773.66           2.974E-14
           329304.87           329304.87           3.005E-14
           329817.31           329817.31           3.918E-14
           330310.92           330310.92           3.947E-14
           330785.63           330785.63           2.886E-14
           331241.39           331241.39           4.288E-14
           331678.15           331678.15           4.089E-14
           332095.85           332095.85           3.961E-14
           332494.45           332494.45           4.377E-14
           332873.91           332873.91           4.109E-14
           333234.17           333234.17           3.493E-14
           333575.20           333575.20           4.834E-14
           333896.95           333896.95           3.678E-14
           334199.39           334199.39           4.093E-14
           334482.48           334482.48           4.664E-14
           334746.20           334746.20           4.138E-14
           334990.50           334990.50           3.979E-14
           335215.36           335215.36           4.046E-14
           335420.76           335420.76           4.321E-14
           335606.67           335606.67           3.850E-14
           335773.07           335773.07           4.629E-14
           335919.94           335919.94           4.453E-14
           336047.26           336047.26           4.313E-14
           336155.01           336155.01           4.277E-14
           336243.19           336243.19           3.739E-14
           336311.79           336311.79           4.535E-14
           336360.79           336360.79           4.742E-14
           336390.20           336390.20           4.741E-14
