Method used: buckling
Dimension: 300
Tolerance used: 1.00000E-10
Number of iterations for Jacobi: 169180
Time used for Jacobi: 115.68532
Time used for Armadillo: 0.010477000

|      Analytical        |       Computed        |   Relative Error:   
           9.8040456           9.8040456           1.245E-13
           39.215114           39.215114           6.847E-13
           88.230002           88.230002           6.410E-14
           156.84337           156.84337           2.628E-14
           245.04774           245.04774           1.181E-13
           352.83351           352.83351           1.305E-14
           480.18894           480.18894           4.048E-14
           627.10015           627.10015           4.514E-14
           793.55114           793.55114           3.983E-14
           979.52377           979.52377           6.708E-14
           1184.9978           1184.9978           5.622E-14
           1409.9508           1409.9508           3.064E-14
           1654.3583           1654.3583           4.810E-14
           1918.1937           1918.1937           4.753E-14
           2201.4283           2201.4283           5.226E-14
           2504.0311           2504.0311           4.068E-14
           2825.9692           2825.9692           4.731E-14
           3167.2076           3167.2076           4.709E-14
           3527.7091           3527.7091           4.318E-14
           3907.4343           3907.4343           4.492E-14
           4306.3420           4306.3420           4.879E-14
           4724.3887           4724.3887           4.466E-14
           5161.5289           5161.5289           5.128E-14
           5617.7148           5617.7148           4.404E-14
           6092.8969           6092.8969           3.956E-14
           6587.0234           6587.0234           5.095E-14
           7100.0404           7100.0404           3.740E-14
           7631.8920           7631.8920           3.861E-14
           8182.5204           8182.5204           5.235E-14
           8751.8655           8751.8655           4.614E-14
           9339.8653           9339.8653           3.798E-14
           9946.4558           9946.4558           3.731E-14
           10571.571           10571.571           4.388E-14
           11215.142           11215.142           3.455E-14
           11877.100           11877.100           3.798E-14
           12557.373           12557.373           3.795E-14
           13255.885           13255.885           4.748E-14
           13972.562           13972.562           3.632E-14
           14707.324           14707.324           4.415E-14
           15460.092           15460.092           3.083E-14
           16230.785           16230.785           4.909E-14
           17019.317           17019.317           4.104E-14
           17825.604           17825.604           3.653E-14
           18649.557           18649.557           3.726E-14
           19491.086           19491.086           4.200E-14
           20350.100           20350.100           3.987E-14
           21226.506           21226.506           4.336E-14
           22120.207           22120.207           4.490E-14
           23031.107           23031.107           4.328E-14
           23959.105           23959.105           3.492E-14
           24904.103           24904.103           3.667E-14
           25865.995           25865.995           3.769E-14
           26844.677           26844.677           4.228E-14
           27840.044           27840.044           4.129E-14
           28851.986           28851.986           4.300E-14
           29880.393           29880.393           3.458E-14
           30925.153           30925.153           3.917E-14
           31986.152           31986.152           4.106E-14
           33063.275           33063.275           3.983E-14
           34156.405           34156.405           4.772E-14
           35265.422           35265.422           3.734E-14
           36390.205           36390.205           4.279E-14
           37530.632           37530.632           3.800E-14
           38686.579           38686.579           3.630E-14
           39857.920           39857.920           4.308E-14
           41044.527           41044.527           3.652E-14
           42246.271           42246.271           3.307E-14
           43463.021           43463.021           4.654E-14
           44694.644           44694.644           3.549E-14
           45941.007           45941.007           3.072E-14
           47201.973           47201.973           3.545E-14
           48477.406           48477.406           3.287E-14
           49767.166           49767.166           3.787E-14
           51071.113           51071.113           4.730E-14
           52389.104           52389.104           3.833E-14
           53720.996           53720.996           4.226E-14
           55066.645           55066.645           3.660E-14
           56425.903           56425.903           4.320E-14
           57798.622           57798.622           3.991E-14
           59184.654           59184.654           3.995E-14
           60583.846           60583.846           3.471E-14
           61996.046           61996.046           3.450E-14
           63421.102           63421.102           4.440E-14
           64858.856           64858.856           4.386E-14
           66309.154           66309.154           5.135E-14
           67771.836           67771.836           3.199E-14
           69246.743           69246.743           4.686E-14
           70733.716           70733.716           4.259E-14
           72232.591           72232.591           4.190E-14
           73743.206           73743.206           2.664E-14
           75265.395           75265.395           3.770E-14
           76798.994           76798.994           3.752E-14
           78343.835           78343.835           4.105E-14
           79899.750           79899.750           3.606E-14
           81466.569           81466.569           4.734E-14
           83044.121           83044.121           3.855E-14
           84632.236           84632.236           3.852E-14
           86230.739           86230.739           3.156E-14
           87839.457           87839.457           4.142E-14
           89458.214           89458.214           4.083E-14
           91086.834           91086.834           2.956E-14
           92725.140           92725.140           3.892E-14
           94372.953           94372.953           4.379E-14
           96030.094           96030.094           3.016E-14
           97696.382           97696.382           3.783E-14
           99371.635           99371.635           4.042E-14
           101055.67           101055.67           3.600E-14
           102748.31           102748.31           2.946E-14
           104449.36           104449.36           2.912E-14
           106158.64           106158.64           4.373E-14
           107875.97           107875.97           3.845E-14
           109601.15           109601.15           4.116E-14
           111334.00           111334.00           3.189E-14
           113074.33           113074.33           4.105E-14
           114821.95           114821.95           3.967E-14
           116576.68           116576.68           3.870E-14
           118338.31           118338.31           4.464E-14
           120106.65           120106.65           3.695E-14
           121881.53           121881.53           3.045E-14
           123662.73           123662.73           3.801E-14
           125450.07           125450.07           3.619E-14
           127243.35           127243.35           3.900E-14
           129042.38           129042.38           3.755E-14
           130846.96           130846.96           3.225E-14
           132656.90           132656.90           3.620E-14
           134471.99           134471.99           4.372E-14
           136292.04           136292.04           4.185E-14
           138116.86           138116.86           4.488E-14
           139946.23           139946.23           3.619E-14
           141779.97           141779.97           4.003E-14
           143617.87           143617.87           4.276E-14
           145459.74           145459.74           3.381E-14
           147305.37           147305.37           4.149E-14
           149154.56           149154.56           4.078E-14
           151007.11           151007.11           3.392E-14
           152862.81           152862.81           3.503E-14
           154721.48           154721.48           3.499E-14
           156582.90           156582.90           3.364E-14
           158446.87           158446.87           3.563E-14
           160313.18           160313.18           3.667E-14
           162181.64           162181.64           3.643E-14
           164052.05           164052.05           3.885E-14
           165924.19           165924.19           3.034E-14
           167797.86           167797.86           3.660E-14
           169672.86           169672.86           4.100E-14
           171548.99           171548.99           3.681E-14
           173426.04           173426.04           3.205E-14
           175303.80           175303.80           4.350E-14
           177182.08           177182.08           4.238E-14
           179060.66           179060.66           4.128E-14
           180939.34           180939.34           4.086E-14
           182817.92           182817.92           4.314E-14
           184696.20           184696.20           3.987E-14
           186573.96           186573.96           3.229E-14
           188451.01           188451.01           3.521E-14
           190327.14           190327.14           4.098E-14
           192202.14           192202.14           3.786E-14
           194075.81           194075.81           3.389E-14
           195947.95           195947.95           3.847E-14
           197818.36           197818.36           4.546E-14
           199686.82           199686.82           4.329E-14
           201553.13           201553.13           3.480E-14
           203417.10           203417.10           4.078E-14
           205278.52           205278.52           4.253E-14
           207137.19           207137.19           4.271E-14
           208992.89           208992.89           4.025E-14
           210845.44           210845.44           3.920E-14
           212694.63           212694.63           3.298E-14
           214540.26           214540.26           3.093E-14
           216382.13           216382.13           4.802E-14
           218220.03           218220.03           3.801E-14
           220053.77           220053.77           3.478E-14
           221883.14           221883.14           3.961E-14
           223707.96           223707.96           4.931E-14
           225528.01           225528.01           3.962E-14
           227343.10           227343.10           3.969E-14
           229153.04           229153.04           4.166E-14
           230957.62           230957.62           4.776E-14
           232756.65           232756.65           3.314E-14
           234549.93           234549.93           3.263E-14
           236337.27           236337.27           3.805E-14
           238118.47           238118.47           4.046E-14
           239893.35           239893.35           4.368E-14
           241661.69           241661.69           4.131E-14
           243423.32           243423.32           4.041E-14
           245178.05           245178.05           4.499E-14
           246925.67           246925.67           3.996E-14
           248666.00           248666.00           4.225E-14
           250398.85           250398.85           3.406E-14
           252124.03           252124.03           3.486E-14
           253841.36           253841.36           2.912E-14
           255550.64           255550.64           4.089E-14
           257251.69           257251.69           3.937E-14
           258944.33           258944.33           3.900E-14
           260628.36           260628.36           3.551E-14
           262303.62           262303.62           3.817E-14
           263969.91           263969.91           3.550E-14
           265627.05           265627.05           3.221E-14
           267274.86           267274.86           3.376E-14
           268913.17           268913.17           4.069E-14
           270541.79           270541.79           4.217E-14
           272160.54           272160.54           4.064E-14
           273769.26           273769.26           3.870E-14
           275367.76           275367.76           3.657E-14
           276955.88           276955.88           3.237E-14
           278533.43           278533.43           3.678E-14
           280100.25           280100.25           4.613E-14
           281656.17           281656.17           4.567E-14
           283201.01           283201.01           3.371E-14
           284734.60           284734.60           3.864E-14
           286256.79           286256.79           4.128E-14
           287767.41           287767.41           4.268E-14
           289266.28           289266.28           3.682E-14
           290753.26           290753.26           3.443E-14
           292228.16           292228.16           4.422E-14
           293690.85           293690.85           4.380E-14
           295141.14           295141.14           3.017E-14
           296578.90           296578.90           3.454E-14
           298003.95           298003.95           4.082E-14
           299416.15           299416.15           4.024E-14
           300815.35           300815.35           3.541E-14
           302201.38           302201.38           3.602E-14
           303574.10           303574.10           3.643E-14
           304933.36           304933.36           3.379E-14
           306279.00           306279.00           3.345E-14
           307610.90           307610.90           4.201E-14
           308928.89           308928.89           4.710E-14
           310232.83           310232.83           3.659E-14
           311522.59           311522.59           3.961E-14
           312798.03           312798.03           4.429E-14
           314058.99           314058.99           3.077E-14
           315305.36           315305.36           3.046E-14
           316536.98           316536.98           4.064E-14
           317753.73           317753.73           4.708E-14
           318955.47           318955.47           3.814E-14
           320142.08           320142.08           3.491E-14
           321313.42           321313.42           4.022E-14
           322469.37           322469.37           4.332E-14
           323609.80           323609.80           3.238E-14
           324734.58           324734.58           3.908E-14
           325843.60           325843.60           4.127E-14
           326936.72           326936.72           4.469E-14
           328013.85           328013.85           3.762E-14
           329074.85           329074.85           3.202E-14
           330119.61           330119.61           3.685E-14
           331148.01           331148.01           2.672E-14
           332159.96           332159.96           3.575E-14
           333155.32           333155.32           3.582E-14
           334134.01           334134.01           3.954E-14
           335095.90           335095.90           4.117E-14
           336040.89           336040.89           4.036E-14
           336968.89           336968.89           3.766E-14
           337879.79           337879.79           4.135E-14
           338773.49           338773.49           3.265E-14
           339649.90           339649.90           3.462E-14
           340508.91           340508.91           3.350E-14
           341350.44           341350.44           3.871E-14
           342174.40           342174.40           4.372E-14
           342980.68           342980.68           4.905E-14
           343769.22           343769.22           3.979E-14
           344539.91           344539.91           4.511E-14
           345292.68           345292.68           3.978E-14
           346027.44           346027.44           4.004E-14
           346744.11           346744.11           4.062E-14
           347442.63           347442.63           4.590E-14
           348122.90           348122.90           3.729E-14
           348784.86           348784.86           3.722E-14
           349428.43           349428.43           3.248E-14
           350053.54           350053.54           3.974E-14
           350660.13           350660.13           4.000E-14
           351248.13           351248.13           4.043E-14
           351817.48           351817.48           3.458E-14
           352368.11           352368.11           3.998E-14
           352899.96           352899.96           3.084E-14
           353412.98           353412.98           4.200E-14
           353907.10           353907.10           4.457E-14
           354382.29           354382.29           4.123E-14
           354838.47           354838.47           4.249E-14
           355275.61           355275.61           4.325E-14
           355693.66           355693.66           4.909E-14
           356092.57           356092.57           4.266E-14
           356472.29           356472.29           4.474E-14
           356832.79           356832.79           4.209E-14
           357174.03           357174.03           4.645E-14
           357495.97           357495.97           4.201E-14
           357798.57           357798.57           4.718E-14
           358081.81           358081.81           3.950E-14
           358345.64           358345.64           4.776E-14
           358590.05           358590.05           4.237E-14
           358815.00           358815.00           3.747E-14
           359020.48           359020.48           4.653E-14
           359206.45           359206.45           4.553E-14
           359372.90           359372.90           4.891E-14
           359519.81           359519.81           5.149E-14
           359647.17           359647.17           4.839E-14
           359754.95           359754.95           4.595E-14
           359843.16           359843.16           6.066E-14
           359911.77           359911.77           4.868E-14
           359960.78           359960.78           5.579E-14
           359990.20           359990.20           5.950E-14
