Method used: buckling
Dimension: 240
Tolerance used: 1.00000E-10
Number of iterations for Jacobi: 109041
Time used for Jacobi: 43.909087
Time used for Armadillo: 0.0066160000

|      Analytical        |       Computed        |   Relative Error:   
           9.7877303           9.7877303           4.196E-13
           39.149258           39.149258           2.436E-13
           88.079594           88.079594           9.406E-14
           156.57042           156.57042           5.500E-14
           244.61011           244.61011           2.661E-14
           352.18369           352.18369           1.566E-14
           479.27288           479.27288           9.488E-15
           625.85610           625.85610           4.069E-14
           791.90842           791.90842           3.388E-14
           977.40164           977.40164           3.187E-14
           1182.3042           1182.3042           2.058E-14
           1406.5814           1406.5814           2.813E-14
           1650.1950           1650.1950           2.425E-14
           1913.1036           1913.1036           3.744E-14
           2195.2627           2195.2627           3.252E-14
           2496.6241           2496.6241           3.570E-14
           2817.1368           2817.1368           2.680E-14
           3156.7462           3156.7462           2.622E-14
           3515.3947           3515.3947           3.751E-14
           3893.0213           3893.0213           3.002E-14
           4289.5618           4289.5618           3.498E-14
           4704.9489           4704.9489           3.537E-14
           5139.1119           5139.1119           3.203E-14
           5591.9771           5591.9771           3.497E-14
           6063.4676           6063.4676           2.940E-14
           6553.5032           6553.5032           3.095E-14
           7062.0006           7062.0006           3.761E-14
           7588.8735           7588.8735           3.739E-14
           8134.0323           8134.0323           2.449E-14
           8697.3844           8697.3844           3.576E-14
           9278.8340           9278.8340           2.450E-14
           9878.2824           9878.2824           3.112E-14
           10495.628           10495.628           2.686E-14
           11130.765           11130.765           3.040E-14
           11783.586           11783.586           2.979E-14
           12453.981           12453.981           3.301E-14
           13141.834           13141.834           3.156E-14
           13847.030           13847.030           1.892E-14
           14569.449           14569.449           3.209E-14
           15308.967           15308.967           3.517E-14
           16065.459           16065.459           3.034E-14
           16838.797           16838.797           3.997E-14
           17628.849           17628.849           3.343E-14
           18435.480           18435.480           2.427E-14
           19258.555           19258.555           2.645E-14
           20097.932           20097.932           4.037E-14
           20953.470           20953.470           2.847E-14
           21825.023           21825.023           1.967E-14
           22712.442           22712.442           3.123E-14
           23615.578           23615.578           3.482E-14
           24534.276           24534.276           3.247E-14
           25468.381           25468.381           2.700E-14
           26417.733           26417.733           3.250E-14
           27382.172           27382.172           2.803E-14
           28361.533           28361.533           3.592E-14
           29355.650           29355.650           3.061E-14
           30364.355           30364.355           3.175E-14
           31387.475           31387.475           2.596E-14
           32424.837           32424.837           3.254E-14
           33476.265           33476.265           3.152E-14
           34541.580           34541.580           2.528E-14
           35620.601           35620.601           3.575E-14
           36713.144           36713.144           2.893E-14
           37819.024           37819.024           2.578E-14
           38938.054           38938.054           2.840E-14
           40070.042           40070.042           2.669E-14
           41214.796           41214.796           2.348E-14
           42372.123           42372.123           3.297E-14
           43541.825           43541.825           2.406E-14
           44723.704           44723.704           2.587E-14
           45917.558           45917.558           2.171E-14
           47123.186           47123.186           2.393E-14
           48340.381           48340.381           3.206E-14
           49568.937           49568.937           3.523E-14
           50808.646           50808.646           3.007E-14
           52059.297           52059.297           3.047E-14
           53320.677           53320.677           2.047E-14
           54592.572           54592.572           2.746E-14
           55874.765           55874.765           2.696E-14
           57167.040           57167.040           2.851E-14
           58469.175           58469.175           2.899E-14
           59780.951           59780.951           2.799E-14
           61102.144           61102.144           3.703E-14
           62432.530           62432.530           2.645E-14
           63771.882           63771.882           3.548E-14
           65119.973           65119.973           2.916E-14
           66476.574           66476.574           2.780E-14
           67841.454           67841.454           3.260E-14
           69214.382           69214.382           2.943E-14
           70595.124           70595.124           2.927E-14
           71983.445           71983.445           2.143E-14
           73379.110           73379.110           3.847E-14
           74781.882           74781.882           2.802E-14
           76191.521           76191.521           2.922E-14
           77607.789           77607.789           2.963E-14
           79030.445           79030.445           2.762E-14
           80459.248           80459.248           3.219E-14
           81893.953           81893.953           3.270E-14
           83334.318           83334.318           3.912E-14
           84780.098           84780.098           3.519E-14
           86231.047           86231.047           2.666E-14
           87686.919           87686.919           3.385E-14
           89147.465           89147.465           3.150E-14
           90612.439           90612.439           2.762E-14
           92081.591           92081.591           2.639E-14
           93554.671           93554.671           3.189E-14
           95031.430           95031.430           2.389E-14
           96511.615           96511.615           2.518E-14
           97994.976           97994.976           3.074E-14
           99481.261           99481.261           3.540E-14
           100970.22           100970.22           3.171E-14
           102461.59           102461.59           3.196E-14
           103955.13           103955.13           2.310E-14
           105450.58           105450.58           3.491E-14
           106947.68           106947.68           3.442E-14
           108446.19           108446.19           2.670E-14
           109945.85           109945.85           3.044E-14
           111446.40           111446.40           3.016E-14
           112947.58           112947.58           3.105E-14
           114449.15           114449.15           2.670E-14
           115950.85           115950.85           2.598E-14
           117452.42           117452.42           2.738E-14
           118953.60           118953.60           2.557E-14
           120454.15           120454.15           2.597E-14
           121953.81           121953.81           2.816E-14
           123452.32           123452.32           2.122E-14
           124949.42           124949.42           3.249E-14
           126444.87           126444.87           2.877E-14
           127938.41           127938.41           2.263E-14
           129429.78           129429.78           3.047E-14
           130918.74           130918.74           2.445E-14
           132405.02           132405.02           2.308E-14
           133888.38           133888.38           3.043E-14
           135368.57           135368.57           2.666E-14
           136845.33           136845.33           3.339E-14
           138318.41           138318.41           3.072E-14
           139787.56           139787.56           3.102E-14
           141252.53           141252.53           1.710E-14
           142713.08           142713.08           3.243E-14
           144168.95           144168.95           2.099E-14
           145619.90           145619.90           3.118E-14
           147065.68           147065.68           2.711E-14
           148506.05           148506.05           2.685E-14
           149940.75           149940.75           3.009E-14
           151369.55           151369.55           2.576E-14
           152792.21           152792.21           3.772E-14
           154208.48           154208.48           2.737E-14
           155618.12           155618.12           3.273E-14
           157020.89           157020.89           3.058E-14
           158416.55           158416.55           2.535E-14
           159804.88           159804.88           3.187E-14
           161185.62           161185.62           3.214E-14
           162558.55           162558.55           2.238E-14
           163923.43           163923.43           2.787E-14
           165280.03           165280.03           3.170E-14
           166628.12           166628.12           2.969E-14
           167967.47           167967.47           2.270E-14
           169297.86           169297.86           3.215E-14
           170619.05           170619.05           3.650E-14
           171930.82           171930.82           3.369E-14
           173232.96           173232.96           2.503E-14
           174525.23           174525.23           3.552E-14
           175807.43           175807.43           2.963E-14
           177079.32           177079.32           3.846E-14
           178340.70           178340.70           3.460E-14
           179591.35           179591.35           2.690E-14
           180831.06           180831.06           3.412E-14
           182059.62           182059.62           2.270E-14
           183276.81           183276.81           2.811E-14
           184482.44           184482.44           3.550E-14
           185676.30           185676.30           2.304E-14
           186858.17           186858.17           2.087E-14
           188027.88           188027.88           3.932E-14
           189185.20           189185.20           3.123E-14
           190329.96           190329.96           2.492E-14
           191461.95           191461.95           2.949E-14
           192580.98           192580.98           2.796E-14
           193686.86           193686.86           3.336E-14
           194779.40           194779.40           2.869E-14
           195858.42           195858.42           2.794E-14
           196923.74           196923.74           3.251E-14
           197975.16           197975.16           2.778E-14
           199012.53           199012.53           3.217E-14
           200035.65           200035.65           3.230E-14
           201044.35           201044.35           3.127E-14
           202038.47           202038.47           3.241E-14
           203017.83           203017.83           3.512E-14
           203982.27           203982.27           3.011E-14
           204931.62           204931.62           2.911E-14
           205865.72           205865.72           3.237E-14
           206784.42           206784.42           2.801E-14
           207687.56           207687.56           2.929E-14
           208574.98           208574.98           3.726E-14
           209446.53           209446.53           3.668E-14
           210302.07           210302.07           3.695E-14
           211141.45           211141.45           3.267E-14
           211964.52           211964.52           3.941E-14
           212771.15           212771.15           2.681E-14
           213561.20           213561.20           3.461E-14
           214334.54           214334.54           3.626E-14
           215091.03           215091.03           3.302E-14
           215830.55           215830.55           3.304E-14
           216552.97           216552.97           2.957E-14
           217258.17           217258.17           3.242E-14
           217946.02           217946.02           3.245E-14
           218616.41           218616.41           3.768E-14
           219269.24           219269.24           3.013E-14
           219904.37           219904.37           3.401E-14
           220521.72           220521.72           3.035E-14
           221121.17           221121.17           3.277E-14
           221702.62           221702.62           3.361E-14
           222265.97           222265.97           3.260E-14
           222811.13           222811.13           3.566E-14
           223338.00           223338.00           3.049E-14
           223846.50           223846.50           3.146E-14
           224336.53           224336.53           2.919E-14
           224808.02           224808.02           3.573E-14
           225260.89           225260.89           3.450E-14
           225695.05           225695.05           3.881E-14
           226110.44           226110.44           3.643E-14
           226506.98           226506.98           2.891E-14
           226884.61           226884.61           3.489E-14
           227243.25           227243.25           2.997E-14
           227582.86           227582.86           3.044E-14
           227903.38           227903.38           2.924E-14
           228204.74           228204.74           3.915E-14
           228486.90           228486.90           3.681E-14
           228749.81           228749.81           2.863E-14
           228993.42           228993.42           3.584E-14
           229217.70           229217.70           3.390E-14
           229422.60           229422.60           3.095E-14
           229608.09           229608.09           3.258E-14
           229774.14           229774.14           3.141E-14
           229920.73           229920.73           2.848E-14
           230047.82           230047.82           3.264E-14
           230155.39           230155.39           3.477E-14
           230243.43           230243.43           3.514E-14
           230311.92           230311.92           3.551E-14
           230360.85           230360.85           3.272E-14
           230390.21           230390.21           3.032E-14
