Method used: buckling
Dimension: 20
Tolerance used: 1.00000E-10
Number of iterations for Jacobi: 699
Time used for Jacobi: 0.0029080000
Time used for Armadillo: 4.7000000E-05

|      Analytical        |       Computed        |   Relative Error:   
           8.9353390           8.9353390           9.940E-16
           35.541755           35.541755           2.799E-15
           79.224906           79.224906           1.435E-15
           139.00898           139.00898           3.680E-15
           213.55850           213.55850           1.198E-15
           301.20816           301.20816           3.019E-15
           400.00000           400.00000           2.274E-15
           507.72718           507.72718           2.687E-15
           621.98325           621.98325           2.376E-15
           740.21593           740.21593           3.072E-16
           859.78407           859.78407           2.645E-15
           978.01675           978.01675           4.650E-16
           1092.2728           1092.2728           3.331E-15
           1200.0000           1200.0000           2.842E-15
           1298.7918           1298.7918           1.050E-15
           1386.4415           1386.4415           2.624E-15
           1460.9910           1460.9910           4.046E-15
           1520.7751           1520.7751           4.485E-16
           1564.4582           1564.4582           1.744E-15
           1591.0647           1591.0647           2.001E-15
