Method used: buckling
Dimension: 110
Tolerance used: 1.00000E-10
Number of iterations for Jacobi: 22647
Time used for Jacobi: 1.8108600
Time used for Armadillo: 0.0013250000

|      Analytical        |       Computed        |   Relative Error:   
           9.6919277           9.6919277           3.457E-13
           38.759948           38.759948           4.656E-14
           87.180777           87.180777           1.011E-14
           154.91563           154.91563           5.871E-15
           241.91026           241.91026           6.462E-15
           348.09497           348.09497           2.629E-14
           473.38472           473.38472           1.645E-14
           617.67915           617.67915           2.025E-14
           780.86268           780.86268           1.150E-14
           962.80461           962.80461           1.594E-14
           1163.3592           1163.3592           1.779E-14
           1382.3658           1382.3658           1.776E-14
           1619.6490           1619.6490           1.839E-14
           1875.0188           1875.0188           1.492E-14
           2148.2705           2148.2705           1.122E-14
           2439.1854           2439.1854           1.734E-14
           2747.5304           2747.5304           1.208E-14
           3073.0585           3073.0585           1.317E-14
           3415.5089           3415.5089           1.558E-14
           3774.6075           3774.6075           8.433E-15
           4150.0665           4150.0665           1.315E-14
           4541.5852           4541.5852           9.813E-15
           4948.8500           4948.8500           1.103E-14
           5371.5347           5371.5347           9.651E-15
           5809.3008           5809.3008           1.096E-14
           6261.7975           6261.7975           1.336E-14
           6728.6625           6728.6625           1.352E-14
           7209.5218           7209.5218           1.615E-14
           7703.9902           7703.9902           1.369E-14
           8211.6717           8211.6717           1.440E-14
           8732.1596           8732.1596           1.500E-14
           9265.0370           9265.0370           1.571E-14
           9809.8771           9809.8771           1.632E-14
           10366.244           10366.244           8.072E-15
           10933.691           10933.691           1.730E-14
           11511.764           11511.764           1.564E-14
           12100.000           12100.000           1.458E-14
           12697.928           12697.928           1.404E-14
           13305.069           13305.069           9.433E-15
           13920.937           13920.937           1.163E-14
           14545.038           14545.038           1.351E-14
           15176.873           15176.873           1.103E-14
           15815.935           15815.935           9.316E-15
           16461.713           16461.713           9.503E-15
           17113.689           17113.689           1.063E-14
           17771.341           17771.341           1.535E-14
           18434.142           18434.142           1.677E-14
           19101.562           19101.562           1.447E-14
           19773.065           19773.065           2.226E-14
           20448.114           20448.114           1.210E-14
           21126.169           21126.169           1.515E-14
           21806.685           21806.685           1.602E-14
           22489.119           22489.119           1.116E-14
           23172.923           23172.923           1.334E-14
           23857.550           23857.550           9.302E-15
           24542.450           24542.450           1.853E-14
           25227.077           25227.077           1.197E-14
           25910.881           25910.881           1.151E-14
           26593.315           26593.315           1.409E-14
           27273.831           27273.831           1.281E-14
           27951.886           27951.886           1.288E-14
           28626.935           28626.935           6.481E-15
           29298.438           29298.438           7.326E-15
           29965.858           29965.858           8.620E-15
           30628.659           30628.659           1.081E-14
           31286.311           31286.311           1.174E-14
           31938.287           31938.287           1.378E-14
           32584.065           32584.065           1.094E-14
           33223.127           33223.127           1.314E-14
           33854.962           33854.962           1.311E-14
           34479.063           34479.063           1.583E-14
           35094.931           35094.931           1.099E-14
           35702.072           35702.072           1.101E-14
           36300.000           36300.000           1.283E-14
           36888.236           36888.236           1.262E-14
           37466.309           37466.309           1.262E-14
           38033.756           38033.756           1.703E-14
           38590.123           38590.123           1.301E-14
           39134.963           39134.963           9.296E-15
           39667.840           39667.840           1.559E-14
           40188.328           40188.328           7.966E-15
           40696.010           40696.010           1.448E-14
           41190.478           41190.478           1.201E-14
           41671.337           41671.337           1.519E-14
           42138.202           42138.202           1.071E-14
           42590.699           42590.699           1.367E-14
           43028.465           43028.465           1.133E-14
           43451.150           43451.150           1.407E-14
           43858.415           43858.415           1.725E-14
           44249.934           44249.934           1.233E-14
           44625.393           44625.393           1.141E-14
           44984.491           44984.491           4.852E-15
           45326.942           45326.942           1.397E-14
           45652.470           45652.470           1.371E-14
           45960.815           45960.815           8.549E-15
           46251.729           46251.729           1.447E-14
           46524.981           46524.981           1.251E-14
           46780.351           46780.351           1.400E-14
           47017.634           47017.634           1.377E-14
           47236.641           47236.641           9.088E-15
           47437.195           47437.195           1.120E-14
           47619.137           47619.137           8.404E-15
           47782.321           47782.321           1.264E-14
           47926.615           47926.615           1.002E-14
           48051.905           48051.905           8.479E-15
           48158.090           48158.090           1.269E-14
           48245.084           48245.084           1.041E-14
           48312.819           48312.819           1.265E-14
           48361.240           48361.240           1.098E-14
           48390.308           48390.308           1.128E-14
