Method used: buckling
Dimension: 120
Tolerance used: 1.00000E-10
Number of iterations for Jacobi: 26822
Time used for Jacobi: 2.5170200
Time used for Armadillo: 0.0015230000

|      Analytical        |       Computed        |   Relative Error:   
           9.7065993           9.7065993           2.862E-13
           38.819854           38.819854           5.491E-16
           87.320140           87.320140           3.613E-14
           155.17476           155.17476           8.059E-15
           242.33799           242.33799           2.932E-15
           348.75106           348.75106           2.184E-14
           474.34225           474.34225           1.162E-14
           619.02689           619.02689           1.120E-14
           782.70747           782.70747           1.525E-14
           965.27365           965.27365           1.142E-14
           1166.6024           1166.6024           9.745E-15
           1386.5579           1386.5579           1.853E-14
           1624.9920           1624.9920           1.217E-14
           1881.7439           1881.7439           1.498E-14
           2156.6407           2156.6407           1.118E-14
           2449.4969           2449.4969           1.188E-14
           2760.1151           2760.1151           1.071E-14
           3088.2861           3088.2861           1.472E-14
           3433.7885           3433.7885           1.775E-14
           3796.3895           3796.3895           1.186E-14
           4175.8447           4175.8447           1.133E-14
           4571.8983           4571.8983           1.711E-14
           4984.2832           4984.2832           1.697E-14
           5412.7217           5412.7217           1.176E-14
           5856.9248           5856.9248           1.273E-14
           6316.5931           6316.5931           1.526E-14
           6791.4168           6791.4168           1.473E-14
           7281.0758           7281.0758           6.495E-15
           7785.2400           7785.2400           1.600E-14
           8303.5697           8303.5697           1.161E-14
           8835.7154           8835.7154           1.071E-14
           9381.3183           9381.3183           1.299E-14
           9940.0109           9940.0109           1.299E-14
           10511.416           10511.416           1.281E-14
           11095.150           11095.150           1.312E-14
           11690.817           11690.817           1.696E-14
           12298.017           12298.017           2.130E-14
           12916.341           12916.341           1.535E-14
           13545.372           13545.372           9.803E-15
           14184.685           14184.685           1.552E-14
           14833.850           14833.850           1.226E-14
           15492.429           15492.429           1.726E-14
           16159.978           16159.978           1.126E-14
           16836.048           16836.048           1.707E-14
           17520.182           17520.182           1.557E-14
           18211.919           18211.919           2.018E-14
           18910.794           18910.794           1.173E-14
           19616.334           19616.334           7.975E-15
           20328.065           20328.065           1.235E-14
           21045.507           21045.507           1.245E-14
           21768.176           21768.176           1.454E-14
           22495.584           22495.584           1.278E-14
           23227.243           23227.243           7.675E-15
           23962.657           23962.657           1.397E-14
           24701.333           24701.333           1.105E-14
           25442.771           25442.771           1.601E-14
           26186.472           26186.472           1.348E-14
           26931.935           26931.935           1.364E-14
           27678.657           27678.657           1.551E-14
           28426.135           28426.135           1.357E-14
           29173.865           29173.865           8.854E-15
           29921.343           29921.343           9.848E-15
           30668.065           30668.065           1.969E-14
           31413.528           31413.528           1.378E-14
           32157.229           32157.229           1.392E-14
           32898.667           32898.667           1.526E-14
           33637.343           33637.343           1.709E-14
           34372.757           34372.757           1.376E-14
           35104.416           35104.416           1.161E-14
           35831.824           35831.824           1.015E-14
           36554.493           36554.493           1.373E-14
           37271.935           37271.935           1.718E-14
           37983.666           37983.666           1.571E-14
           38689.206           38689.206           9.403E-15
           39388.081           39388.081           1.792E-14
           40079.818           40079.818           1.289E-14
           40763.952           40763.952           1.357E-14
           41440.022           41440.022           1.334E-14
           42107.571           42107.571           1.123E-14
           42766.150           42766.150           1.548E-14
           43415.315           43415.315           1.140E-14
           44054.628           44054.628           1.173E-14
           44683.659           44683.659           1.449E-14
           45301.983           45301.983           1.333E-14
           45909.183           45909.183           1.315E-14
           46504.850           46504.850           1.361E-14
           47088.584           47088.584           1.143E-14
           47659.989           47659.989           1.603E-14
           48218.682           48218.682           1.343E-14
           48764.285           48764.285           1.522E-14
           49296.430           49296.430           1.520E-14
           49814.760           49814.760           1.738E-14
           50318.924           50318.924           1.301E-14
           50808.583           50808.583           1.475E-14
           51283.407           51283.407           1.064E-14
           51743.075           51743.075           1.491E-14
           52187.278           52187.278           1.255E-14
           52615.717           52615.717           1.272E-14
           53028.102           53028.102           1.317E-14
           53424.155           53424.155           9.261E-15
           53803.610           53803.610           1.136E-14
           54166.212           54166.212           1.545E-14
           54511.714           54511.714           1.121E-14
           54839.885           54839.885           1.619E-14
           55150.503           55150.503           1.359E-14
           55443.359           55443.359           1.614E-14
           55718.256           55718.256           1.463E-14
           55975.008           55975.008           1.014E-14
           56213.442           56213.442           1.178E-14
           56433.398           56433.398           1.109E-14
           56634.726           56634.726           1.387E-14
           56817.293           56817.293           1.511E-14
           56980.973           56980.973           1.545E-14
           57125.658           57125.658           1.618E-14
           57251.249           57251.249           1.373E-14
           57357.662           57357.662           1.700E-14
           57444.825           57444.825           1.748E-14
           57512.680           57512.680           1.822E-14
           57561.180           57561.180           1.934E-14
           57590.293           57590.293           1.706E-14
