Method used: buckling
Dimension: 220
Tolerance used: 1.00000E-10
Number of iterations for Jacobi: 90742
Time used for Jacobi: 28.537266
Time used for Armadillo: 0.0051250000

|      Analytical        |       Computed        |   Relative Error:   
           9.7803241           9.7803241           6.488E-13
           39.119320           39.119320           2.674E-13
           88.011059           88.011059           1.222E-13
           156.44566           156.44566           5.268E-14
           244.40930           244.40930           3.907E-14
           351.88420           351.88420           4.200E-14
           478.84864           478.84864           2.718E-14
           625.27696           625.27696           4.382E-14
           791.13958           791.13958           2.773E-14
           976.40298           976.40298           3.016E-14
           1181.0297           1181.0297           2.772E-14
           1404.9785           1404.9785           3.819E-14
           1648.2040           1648.2040           2.428E-14
           1910.6570           1910.6570           3.130E-14
           2192.2846           2192.2846           2.759E-14
           2493.0299           2493.0299           3.593E-14
           2812.8321           2812.8321           2.425E-14
           3151.6265           3151.6265           2.612E-14
           3509.3447           3509.3447           2.734E-14
           3885.9144           3885.9144           3.253E-14
           4281.2595           4281.2595           2.847E-14
           4695.3001           4695.3001           2.189E-14
           5127.9526           5127.9526           3.122E-14
           5579.1295           5579.1295           3.489E-14
           6048.7397           6048.7397           2.827E-14
           6536.6882           6536.6882           3.256E-14
           7042.8765           7042.8765           3.151E-14
           7567.2023           7567.2023           3.197E-14
           8109.5595           8109.5595           2.893E-14
           8669.8388           8669.8388           3.672E-14
           9247.9267           9247.9267           2.636E-14
           9843.7065           9843.7065           3.714E-14
           10457.058           10457.058           3.375E-14
           11087.857           11087.857           2.559E-14
           11735.976           11735.976           2.278E-14
           12401.284           12401.284           2.567E-14
           13083.647           13083.647           3.309E-14
           13782.926           13782.926           2.943E-14
           14498.981           14498.981           2.296E-14
           15231.667           15231.667           2.902E-14
           15980.836           15980.836           2.846E-14
           16746.336           16746.336           2.455E-14
           17528.012           17528.012           2.615E-14
           18325.708           18325.708           3.335E-14
           19139.261           19139.261           2.927E-14
           19968.507           19968.507           2.460E-14
           20813.278           20813.278           2.762E-14
           21673.405           21673.405           2.854E-14
           22548.712           22548.712           3.582E-14
           23439.024           23439.024           2.266E-14
           24344.160           24344.160           2.735E-14
           25263.937           25263.937           3.283E-14
           26198.170           26198.170           3.166E-14
           27146.669           27146.669           2.493E-14
           28109.243           28109.243           2.666E-14
           29085.698           29085.698           2.627E-14
           30075.837           30075.837           2.697E-14
           31079.458           31079.458           2.844E-14
           32096.360           32096.360           3.253E-14
           33126.336           33126.336           2.877E-14
           34169.180           34169.180           2.875E-14
           35224.679           35224.679           3.202E-14
           36292.621           36292.621           2.727E-14
           37372.790           37372.790           3.212E-14
           38464.967           38464.967           2.667E-14
           39568.933           39568.933           3.531E-14
           40684.463           40684.463           2.271E-14
           41811.333           41811.333           2.488E-14
           42949.314           42949.314           2.389E-14
           44098.177           44098.177           3.151E-14
           45257.690           45257.690           2.122E-14
           46427.618           46427.618           2.257E-14
           47607.725           47607.725           2.904E-14
           48797.772           48797.772           2.893E-14
           49997.519           49997.519           2.911E-14
           51206.724           51206.724           2.188E-14
           52425.142           52425.142           2.706E-14
           53652.527           53652.527           2.726E-14
           54888.631           54888.631           2.227E-14
           56133.204           56133.204           2.541E-14
           57385.995           57385.995           2.232E-14
           58646.750           58646.750           2.444E-14
           59915.215           59915.215           2.295E-14
           61191.133           61191.133           2.556E-14
           62474.247           62474.247           2.574E-14
           63764.297           63764.297           1.769E-14
           65061.023           65061.023           2.583E-14
           66364.162           66364.162           3.048E-14
           67673.452           67673.452           2.494E-14
           68988.627           68988.627           2.637E-14
           70309.423           70309.423           3.146E-14
           71635.571           71635.571           2.803E-14
           72966.804           72966.804           1.815E-14
           74302.854           74302.854           2.154E-14
           75643.449           75643.449           3.347E-14
           76988.320           76988.320           3.327E-14
           78337.194           78337.194           2.619E-14
           79689.798           79689.798           2.849E-14
           81045.861           81045.861           2.550E-14
           82405.107           82405.107           2.949E-14
           83767.261           83767.261           2.971E-14
           85132.049           85132.049           2.325E-14
           86499.195           86499.195           2.910E-14
           87868.423           87868.423           2.451E-14
           89239.455           89239.455           2.364E-14
           90612.015           90612.015           2.441E-14
           91985.826           91985.826           2.942E-14
           93360.609           93360.609           3.445E-14
           94736.087           94736.087           2.657E-14
           96111.983           96111.983           3.195E-14
           97488.017           97488.017           2.194E-14
           98863.913           98863.913           3.106E-14
           100239.39           100239.39           2.671E-14
           101614.17           101614.17           3.265E-14
           102987.98           102987.98           2.148E-14
           104360.54           104360.54           3.054E-14
           105731.58           105731.58           2.753E-14
           107100.80           107100.80           2.337E-14
           108467.95           108467.95           3.233E-14
           109832.74           109832.74           3.114E-14
           111194.89           111194.89           2.696E-14
           112554.14           112554.14           2.870E-14
           113910.20           113910.20           3.143E-14
           115262.81           115262.81           2.247E-14
           116611.68           116611.68           2.770E-14
           117956.55           117956.55           2.677E-14
           119297.15           119297.15           2.781E-14
           120633.20           120633.20           2.509E-14
           121964.43           121964.43           2.303E-14
           123290.58           123290.58           2.408E-14
           124611.37           124611.37           2.184E-14
           125926.55           125926.55           2.115E-14
           127235.84           127235.84           2.436E-14
           128538.98           128538.98           3.804E-14
           129835.70           129835.70           3.015E-14
           131125.75           131125.75           3.218E-14
           132408.87           132408.87           2.967E-14
           133684.79           133684.79           2.983E-14
           134953.25           134953.25           2.998E-14
           136214.01           136214.01           2.970E-14
           137466.80           137466.80           2.223E-14
           138711.37           138711.37           2.434E-14
           139947.47           139947.47           2.142E-14
           141174.86           141174.86           2.680E-14
           142393.28           142393.28           2.739E-14
           143602.48           143602.48           2.797E-14
           144802.23           144802.23           3.115E-14
           145992.28           145992.28           3.210E-14
           147172.38           147172.38           3.065E-14
           148342.31           148342.31           2.217E-14
           149501.82           149501.82           2.550E-14
           150650.69           150650.69           2.009E-14
           151788.67           151788.67           2.512E-14
           152915.54           152915.54           2.056E-14
           154031.07           154031.07           2.759E-14
           155135.03           155135.03           2.251E-14
           156227.21           156227.21           2.086E-14
           157307.38           157307.38           2.461E-14
           158375.32           158375.32           2.848E-14
           159430.82           159430.82           2.775E-14
           160473.66           160473.66           2.539E-14
           161503.64           161503.64           2.090E-14
           162520.54           162520.54           3.098E-14
           163524.16           163524.16           1.566E-14
           164514.30           164514.30           2.158E-14
           165490.76           165490.76           2.040E-14
           166453.33           166453.33           2.885E-14
           167401.83           167401.83           2.225E-14
           168336.06           168336.06           2.870E-14
           169255.84           169255.84           2.700E-14
           170160.98           170160.98           2.617E-14
           171051.29           171051.29           2.484E-14
           171926.60           171926.60           2.759E-14
           172786.72           172786.72           2.375E-14
           173631.49           173631.49           1.710E-14
           174460.74           174460.74           3.153E-14
           175274.29           175274.29           3.022E-14
           176071.99           176071.99           2.512E-14
           176853.66           176853.66           2.995E-14
           177619.16           177619.16           2.884E-14
           178368.33           178368.33           2.725E-14
           179101.02           179101.02           2.714E-14
           179817.07           179817.07           2.735E-14
           180516.35           180516.35           2.725E-14
           181198.72           181198.72           2.522E-14
           181864.02           181864.02           2.625E-14
           182512.14           182512.14           2.807E-14
           183142.94           183142.94           2.908E-14
           183756.29           183756.29           3.136E-14
           184352.07           184352.07           2.715E-14
           184930.16           184930.16           3.085E-14
           185490.44           185490.44           2.871E-14
           186032.80           186032.80           2.660E-14
           186557.12           186557.12           3.666E-14
           187063.31           187063.31           3.034E-14
           187551.26           187551.26           2.716E-14
           188020.87           188020.87           1.749E-14
           188472.05           188472.05           2.363E-14
           188904.70           188904.70           2.465E-14
           189318.74           189318.74           2.675E-14
           189714.09           189714.09           2.838E-14
           190090.66           190090.66           3.016E-14
           190448.37           190448.37           2.827E-14
           190787.17           190787.17           2.700E-14
           191106.97           191106.97           3.107E-14
           191407.72           191407.72           3.376E-14
           191689.34           191689.34           3.219E-14
           191951.80           191951.80           2.957E-14
           192195.02           192195.02           2.953E-14
           192418.97           192418.97           2.889E-14
           192623.60           192623.60           3.233E-14
           192808.86           192808.86           2.626E-14
           192974.72           192974.72           3.529E-14
           193121.15           193121.15           3.225E-14
           193248.12           193248.12           3.057E-14
           193355.59           193355.59           3.191E-14
           193443.55           193443.55           3.190E-14
           193511.99           193511.99           3.219E-14
           193560.88           193560.88           2.857E-14
           193590.22           193590.22           2.962E-14
