Method used: buckling
Dimension: 180
Tolerance used: 1.00000E-10
Number of iterations for Jacobi: 60719
Time used for Jacobi: 12.821059
Time used for Armadillo: 0.0032870000

|      Analytical        |       Computed        |   Relative Error:   
           9.7606042           9.7606042           1.369E-13
           39.039476           39.039476           2.439E-14
           87.827796           87.827796           4.369E-14
           156.11087           156.11087           2.858E-14
           243.86812           243.86812           3.496E-15
           351.07311           351.07311           2.008E-14
           477.69355           477.69355           2.511E-14
           623.69129           623.69129           1.458E-14
           789.02235           789.02235           2.694E-14
           973.63692           973.63692           1.681E-14
           1177.4794           1177.4794           1.931E-14
           1400.4883           1400.4883           2.403E-14
           1642.5966           1642.5966           2.381E-14
           1903.7312           1903.7312           1.839E-14
           2183.8136           2183.8136           2.478E-14
           2482.7593           2482.7593           1.685E-14
           2800.4782           2800.4782           2.533E-14
           3136.8747           3136.8747           2.117E-14
           3491.8474           3491.8474           2.032E-14
           3865.2894           3865.2894           1.906E-14
           4257.0881           4257.0881           2.201E-14
           4667.1256           4667.1256           2.514E-14
           5095.2784           5095.2784           1.446E-14
           5541.4173           5541.4173           2.199E-14
           6005.4082           6005.4082           1.742E-14
           6487.1110           6487.1110           1.851E-14
           6986.3808           6986.3808           1.966E-14
           7503.0672           7503.0672           1.903E-14
           8037.0144           8037.0144           2.671E-14
           8588.0617           8588.0617           2.351E-14
           9156.0430           9156.0430           2.384E-14
           9740.7872           9740.7872           2.652E-14
           10342.118           10342.118           2.128E-14
           10959.855           10959.855           2.124E-14
           11593.811           11593.811           1.632E-14
           12243.796           12243.796           2.006E-14
           12909.613           12909.613           2.748E-14
           13591.062           13591.062           1.686E-14
           14287.939           14287.939           2.202E-14
           15000.032           15000.032           1.285E-14
           15727.128           15727.128           1.631E-14
           16469.007           16469.007           2.297E-14
           17225.446           17225.446           2.746E-14
           17996.217           17996.217           2.486E-14
           18781.087           18781.087           2.441E-14
           19579.821           19579.821           2.453E-14
           20392.178           20392.178           2.284E-14
           21217.913           21217.913           1.800E-14
           22056.777           22056.777           2.474E-14
           22908.518           22908.518           2.223E-14
           23772.878           23772.878           2.540E-14
           24649.598           24649.598           2.361E-14
           25538.414           25538.414           1.709E-14
           26439.057           26439.057           2.669E-14
           27351.256           27351.256           2.128E-14
           28274.737           28274.737           2.355E-14
           29209.222           29209.222           2.640E-14
           30154.428           30154.428           2.690E-14
           31110.071           31110.071           2.000E-14
           32075.864           32075.864           2.132E-14
           33051.515           33051.515           2.201E-14
           34036.730           34036.730           2.287E-14
           35031.213           35031.213           2.181E-14
           36034.663           36034.663           2.302E-14
           37046.779           37046.779           1.610E-14
           38067.256           38067.256           1.969E-14
           39095.787           39095.787           1.973E-14
           40132.061           40132.061           1.432E-14
           41175.766           41175.766           2.120E-14
           42226.588           42226.588           2.309E-14
           43284.210           43284.210           2.488E-14
           44348.314           44348.314           1.903E-14
           45418.579           45418.579           2.323E-14
           46494.683           46494.683           2.379E-14
           47576.301           47576.301           2.110E-14
           48663.108           48663.108           2.721E-14
           49754.777           49754.777           3.115E-14
           50850.978           50850.978           2.332E-14
           51951.381           51951.381           1.583E-14
           53055.654           53055.654           2.400E-14
           54163.466           54163.466           1.088E-14
           55274.482           55274.482           1.698E-14
           56388.368           56388.368           2.748E-14
           57504.787           57504.787           2.796E-14
           58623.404           58623.404           1.899E-14
           59743.883           59743.883           1.924E-14
           60865.884           60865.884           2.403E-14
           61989.070           61989.070           1.737E-14
           63113.103           63113.103           1.591E-14
           64237.645           64237.645           1.801E-14
           65362.355           65362.355           2.015E-14
           66486.897           66486.897           2.473E-14
           67610.930           67610.930           1.593E-14
           68734.116           68734.116           2.392E-14
           69856.117           69856.117           1.979E-14
           70976.596           70976.596           2.522E-14
           72095.213           72095.213           2.018E-14
           73211.632           73211.632           2.365E-14
           74325.518           74325.518           2.114E-14
           75436.534           75436.534           2.392E-14
           76544.346           76544.346           2.129E-14
           77648.619           77648.619           2.268E-14
           78749.022           78749.022           1.792E-14
           79845.223           79845.223           2.387E-14
           80936.892           80936.892           2.337E-14
           82023.699           82023.699           1.118E-14
           83105.317           83105.317           1.979E-14
           84181.421           84181.421           1.573E-14
           85251.686           85251.686           1.622E-14
           86315.790           86315.790           2.141E-14
           87373.412           87373.412           2.315E-14
           88424.234           88424.234           2.222E-14
           89467.939           89467.939           2.147E-14
           90504.213           90504.213           1.881E-14
           91532.744           91532.744           1.685E-14
           92553.221           92553.221           1.651E-14
           93565.337           93565.337           2.411E-14
           94568.787           94568.787           1.754E-14
           95563.270           95563.270           1.462E-14
           96548.485           96548.485           2.080E-14
           97524.136           97524.136           2.507E-14
           98489.929           98489.929           2.142E-14
           99445.572           99445.572           1.668E-14
           100390.78           100390.78           1.826E-14
           101325.26           101325.26           2.341E-14
           102248.74           102248.74           1.936E-14
           103160.94           103160.94           2.130E-14
           104061.59           104061.59           1.440E-14
           104950.40           104950.40           2.288E-14
           105827.12           105827.12           1.911E-14
           106691.48           106691.48           2.087E-14
           107543.22           107543.22           2.300E-14
           108382.09           108382.09           1.531E-14
           109207.82           109207.82           2.385E-14
           110020.18           110020.18           2.077E-14
           110818.91           110818.91           2.364E-14
           111603.78           111603.78           2.269E-14
           112374.55           112374.55           2.124E-14
           113130.99           113130.99           1.724E-14
           113872.87           113872.87           2.096E-14
           114599.97           114599.97           2.413E-14
           115312.06           115312.06           2.171E-14
           116008.94           116008.94           1.756E-14
           116690.39           116690.39           2.419E-14
           117356.20           117356.20           1.810E-14
           118006.19           118006.19           2.133E-14
           118640.15           118640.15           2.085E-14
           119257.88           119257.88           2.697E-14
           119859.21           119859.21           2.173E-14
           120443.96           120443.96           1.897E-14
           121011.94           121011.94           1.972E-14
           121562.99           121562.99           2.406E-14
           122096.93           122096.93           1.549E-14
           122613.62           122613.62           3.098E-14
           123112.89           123112.89           2.199E-14
           123594.59           123594.59           1.896E-14
           124058.58           124058.58           2.100E-14
           124504.72           124504.72           1.251E-14
           124932.87           124932.87           2.621E-14
           125342.91           125342.91           1.927E-14
           125734.71           125734.71           1.701E-14
           126108.15           126108.15           2.389E-14
           126463.13           126463.13           2.060E-14
           126799.52           126799.52           2.525E-14
           127117.24           127117.24           2.118E-14
           127416.19           127416.19           1.850E-14
           127696.27           127696.27           1.983E-14
           127957.40           127957.40           2.638E-14
           128199.51           128199.51           2.849E-14
           128422.52           128422.52           1.972E-14
           128626.36           128626.36           1.935E-14
           128810.98           128810.98           2.418E-14
           128976.31           128976.31           1.862E-14
           129122.31           129122.31           1.950E-14
           129248.93           129248.93           2.635E-14
           129356.13           129356.13           2.329E-14
           129443.89           129443.89           2.395E-14
           129512.17           129512.17           2.663E-14
           129560.96           129560.96           2.651E-14
           129590.24           129590.24           2.942E-14
