Method used: buckling
Dimension: 190
Tolerance used: 1.00000E-10
Number of iterations for Jacobi: 67964
Time used for Jacobi: 15.737518
Time used for Armadillo: 0.0038760000

|      Analytical        |       Computed        |   Relative Error:   
           9.7663081           9.7663081           5.016E-13
           39.062590           39.062590           4.911E-14
           87.880921           87.880921           4.107E-14
           156.20809           156.20809           2.074E-14
           244.02562           244.02562           3.844E-15
           351.30975           351.30975           3.349E-14
           478.03145           478.03145           3.056E-14
           624.15644           624.15644           2.441E-14
           789.64520           789.64520           2.217E-14
           974.45294           974.45294           2.882E-14
           1178.5297           1178.5297           1.196E-14
           1401.8202           1401.8202           1.541E-14
           1644.2641           1644.2641           2.517E-14
           1905.7958           1905.7958           2.887E-14
           2186.3445           2186.3445           2.912E-14
           2485.8343           2485.8343           2.104E-14
           2804.1843           2804.1843           1.897E-14
           3141.3082           3141.3082           1.940E-14
           3497.1150           3497.1150           1.768E-14
           3871.5082           3871.5082           1.821E-14
           4264.3867           4264.3867           3.029E-14
           4675.6441           4675.6441           2.782E-14
           5105.1693           5105.1693           2.797E-14
           5552.8459           5552.8459           2.162E-14
           6018.5529           6018.5529           2.992E-14
           6502.1643           6502.1643           1.888E-14
           7003.5492           7003.5492           2.922E-14
           7522.5721           7522.5721           2.176E-14
           8059.0924           8059.0924           2.844E-14
           8612.9651           8612.9651           2.682E-14
           9184.0404           9184.0404           1.901E-14
           9772.1636           9772.1636           2.345E-14
           10377.176           10377.176           2.436E-14
           10998.913           10998.913           1.985E-14
           11637.207           11637.207           1.844E-14
           12291.886           12291.886           2.190E-14
           12962.772           12962.772           2.231E-14
           13649.684           13649.684           1.373E-14
           14352.435           14352.435           2.649E-14
           15070.837           15070.837           2.667E-14
           15804.694           15804.694           2.371E-14
           16553.807           16553.807           3.538E-14
           17317.975           17317.975           2.479E-14
           18096.991           18096.991           2.573E-14
           18890.643           18890.643           2.388E-14
           19698.717           19698.717           2.456E-14
           20520.995           20520.995           2.110E-14
           21357.253           21357.253           2.657E-14
           22207.267           22207.267           1.917E-14
           23070.805           23070.805           2.192E-14
           23947.634           23947.634           1.960E-14
           24837.518           24837.518           2.314E-14
           25740.214           25740.214           1.399E-14
           26655.479           26655.479           1.597E-14
           27583.066           27583.066           2.123E-14
           28522.723           28522.723           2.551E-14
           29474.197           29474.197           2.444E-14
           30437.229           30437.229           2.546E-14
           31411.560           31411.560           2.467E-14
           32396.925           32396.925           2.336E-14
           33393.059           33393.059           2.528E-14
           34399.691           34399.691           3.025E-14
           35416.549           35416.549           2.506E-14
           36443.358           36443.358           1.957E-14
           37479.841           37479.841           1.611E-14
           38525.717           38525.717           2.738E-14
           39580.703           39580.703           2.721E-14
           40644.514           40644.514           2.685E-14
           41716.862           41716.862           2.895E-14
           42797.456           42797.456           2.550E-14
           43886.005           43886.005           2.106E-14
           44982.213           44982.213           2.006E-14
           46085.785           46085.785           2.289E-14
           47196.422           47196.422           1.665E-14
           48313.823           48313.823           2.289E-14
           49437.686           49437.686           1.575E-14
           50567.708           50567.708           2.317E-14
           51703.581           51703.581           2.083E-14
           52845.000           52845.000           2.492E-14
           53991.654           53991.654           2.116E-14
           55143.235           55143.235           2.006E-14
           56299.430           56299.430           2.417E-14
           57459.927           57459.927           1.988E-14
           58624.411           58624.411           2.172E-14
           59792.568           59792.568           2.203E-14
           60964.082           60964.082           2.256E-14
           62138.636           62138.636           1.710E-14
           63315.911           63315.911           1.850E-14
           64495.590           64495.590           2.493E-14
           65677.353           65677.353           2.371E-14
           66860.881           66860.881           1.850E-14
           68045.853           68045.853           2.074E-14
           69231.949           69231.949           1.724E-14
           70418.848           70418.848           2.149E-14
           71606.229           71606.229           2.398E-14
           72793.771           72793.771           2.179E-14
           73981.152           73981.152           2.400E-14
           75168.051           75168.051           2.168E-14
           76354.147           76354.147           2.554E-14
           77539.119           77539.119           1.839E-14
           78722.647           78722.647           1.756E-14
           79904.410           79904.410           2.276E-14
           81084.089           81084.089           2.387E-14
           82261.364           82261.364           1.999E-14
           83435.918           83435.918           2.058E-14
           84607.432           84607.432           2.752E-14
           85775.589           85775.589           2.426E-14
           86940.073           86940.073           2.594E-14
           88100.570           88100.570           2.494E-14
           89256.765           89256.765           2.397E-14
           90408.346           90408.346           1.336E-14
           91555.000           91555.000           1.939E-14
           92696.419           92696.419           1.947E-14
           93832.292           93832.292           1.846E-14
           94962.314           94962.314           1.670E-14
           96086.177           96086.177           1.908E-14
           97203.578           97203.578           2.261E-14
           98314.215           98314.215           2.161E-14
           99417.787           99417.787           1.669E-14
           100514.00           100514.00           2.114E-14
           101602.54           101602.54           2.191E-14
           102683.14           102683.14           2.310E-14
           103755.49           103755.49           2.609E-14
           104819.30           104819.30           1.971E-14
           105874.28           105874.28           2.213E-14
           106920.16           106920.16           1.851E-14
           107956.64           107956.64           1.752E-14
           108983.45           108983.45           2.283E-14
           110000.31           110000.31           1.389E-14
           111006.94           111006.94           2.438E-14
           112003.07           112003.07           2.469E-14
           112988.44           112988.44           2.602E-14
           113962.77           113962.77           3.013E-14
           114925.80           114925.80           1.963E-14
           115877.28           115877.28           2.574E-14
           116816.93           116816.93           2.579E-14
           117744.52           117744.52           2.410E-14
           118659.79           118659.79           2.171E-14
           119562.48           119562.48           2.045E-14
           120452.37           120452.37           2.489E-14
           121329.20           121329.20           1.607E-14
           122192.73           122192.73           2.072E-14
           123042.75           123042.75           1.608E-14
           123879.01           123879.01           2.009E-14
           124701.28           124701.28           2.089E-14
           125509.36           125509.36           2.690E-14
           126303.01           126303.01           2.489E-14
           127082.02           127082.02           2.336E-14
           127846.19           127846.19           1.946E-14
           128595.31           128595.31           2.308E-14
           129329.16           129329.16           2.307E-14
           130047.56           130047.56           2.227E-14
           130750.32           130750.32           2.181E-14
           131437.23           131437.23           2.480E-14
           132108.11           132108.11           1.961E-14
           132762.79           132762.79           2.126E-14
           133401.09           133401.09           2.443E-14
           134022.82           134022.82           3.214E-14
           134627.84           134627.84           2.378E-14
           135215.96           135215.96           1.141E-14
           135787.03           135787.03           1.779E-14
           136340.91           136340.91           1.943E-14
           136877.43           136877.43           1.765E-14
           137396.45           137396.45           2.436E-14
           137897.84           137897.84           1.942E-14
           138381.45           138381.45           2.229E-14
           138847.15           138847.15           1.866E-14
           139294.83           139294.83           2.424E-14
           139724.36           139724.36           2.854E-14
           140135.61           140135.61           1.745E-14
           140528.49           140528.49           2.402E-14
           140902.89           140902.89           2.272E-14
           141258.69           141258.69           2.555E-14
           141595.82           141595.82           2.610E-14
           141914.17           141914.17           2.153E-14
           142213.66           142213.66           2.374E-14
           142494.20           142494.20           2.431E-14
           142755.74           142755.74           2.161E-14
           142998.18           142998.18           2.137E-14
           143221.47           143221.47           3.109E-14
           143425.55           143425.55           2.638E-14
           143610.35           143610.35           2.027E-14
           143775.84           143775.84           2.611E-14
           143921.97           143921.97           3.316E-14
           144048.69           144048.69           2.647E-14
           144155.97           144155.97           2.665E-14
           144243.79           144243.79           2.926E-14
           144312.12           144312.12           2.944E-14
           144360.94           144360.94           3.125E-14
           144390.23           144390.23           3.023E-14
