|    N:    |  MonteCarlo BF:  | CPU-time MonteCarlo BF: |   Relative error BF:   |  MonteCarlo IS:    |  CPU-time MonteCarlo IS: |  Relative error IS:   |   Exact value:   |
|          |                  |                         |                        |                    |                          |                       |                  |
       10     0.00054198686       1.1000000E-05               0.99718836               0.87221401            4.3000000E-05                3.5247363            0.19276571
       12       0.029580515       1.1000000E-05               0.84654680              0.041430729            1.3000000E-05               0.78507210            0.19276571
       14     9.3498447E-06       1.1000000E-05               0.99995150               0.75839808            1.4000000E-05                2.9342997            0.19276571
       16     3.4212272E-06       1.3000000E-05               0.99998225               0.38714933            1.5000000E-05                1.0083931            0.19276571
       18      0.0025938703       1.3000000E-05               0.98654392               0.12391923            1.7000000E-05               0.35715110            0.19276571
       20      0.0022341714       1.8000000E-05               0.98840991              0.064809680            1.8000000E-05               0.66379041            0.19276571
       22       0.040603308       1.7000000E-05               0.78936447              0.080952469            2.1000000E-05               0.58004736            0.19276571
       24     5.9085522E-05       1.7000000E-05               0.99969349              0.069296933            3.0000000E-05               0.64051214            0.19276571
       26     0.00021420890       1.7000000E-05               0.99888876               0.26449008            3.1000000E-05               0.37208055            0.19276571
       28     0.00011878600       2.0000000E-05               0.99938378               0.10612566            4.9000000E-05               0.44945781            0.19276571
       30     2.9631381E-05       2.7000000E-05               0.99984628               0.37341113            4.5000000E-05               0.93712424            0.19276571
       32      0.0010139075       3.0000000E-05               0.99474021              0.099211408            3.7000000E-05               0.48532648            0.19276571
       34      0.0066316428       2.6000000E-05               0.96559739               0.12740378            4.2000000E-05               0.33907447            0.19276571
       36      0.0014331611       3.8000000E-05               0.99256527              0.090140744            2.8000000E-05               0.53238185            0.19276571
       38     0.00056181525       2.3000000E-05               0.99708550               0.11454545            2.9000000E-05               0.40577889            0.19276571
       40      0.0031688116       3.0000000E-05               0.98356133               0.12294991            3.9000000E-05               0.36217956            0.19276571
       42     0.00012627012       2.7000000E-05               0.99934496               0.20354493            3.2000000E-05              0.055918755            0.19276571
       44       0.094989668       2.8000000E-05               0.50722736               0.10537057            3.3000000E-05               0.45337493            0.19276571
       46       0.015560177       3.0000000E-05               0.91927933              0.084989468            3.9000000E-05               0.55910485            0.19276571
       48      0.0034843745       2.9000000E-05               0.98192430               0.20719878            4.4000000E-05              0.074873611            0.19276571
       50       0.019958967       3.0000000E-05               0.89645997               0.24708581            4.1000000E-05               0.28179338            0.19276571
       52       0.014254573       3.0000000E-05               0.92605234               0.20402683            4.2000000E-05              0.058418670            0.19276571
       54      0.0018402516       3.3000000E-05               0.99045343               0.31061502            4.4000000E-05               0.61136032            0.19276571
       56       0.032613195       4.5000000E-05               0.83081434               0.26976314            5.4000000E-05               0.39943531            0.19276571
       58       0.020003697       4.5000000E-05               0.89622793               0.11804525            4.4000000E-05               0.38762320            0.19276571
       60      0.0012125471       3.5000000E-05               0.99370974               0.28544950            4.3000000E-05               0.48081057            0.19276571
       62     0.00051614327       3.6000000E-05               0.99732243               0.15210093            4.6000000E-05               0.21095442            0.19276571
       64      0.0028491344       3.9000000E-05               0.98521970               0.17824144            4.6000000E-05              0.075346751            0.19276571
       66      0.0036092508       7.7000000E-05               0.98127649              0.051316214            4.8000000E-05               0.73378972            0.19276571
       68      0.0035952320       5.5000000E-05               0.98134921               0.10217163            5.3000000E-05               0.46996988            0.19276571
       70      0.0014296955       5.0000000E-05               0.99258325               0.36667847            5.3000000E-05               0.90219757            0.19276571
       72     0.00072251872       4.2000000E-05               0.99625183              0.054953944            5.6000000E-05               0.71491847            0.19276571
       74        0.54800132       4.6000000E-05                1.8428361              0.085883277            5.8000000E-05               0.55446808            0.19276571
       76     0.00024942907       4.3000000E-05               0.99870605               0.13236005            5.5000000E-05               0.31336308            0.19276571
       78      0.0018173960       4.7000000E-05               0.99057200              0.092583724            6.2000000E-05               0.51970854            0.19276571
       80      0.0029720593       4.6000000E-05               0.98458201               0.11612521            6.8000000E-05               0.39758368            0.19276571
       82       0.020375924       4.7000000E-05               0.89429695               0.13040914            6.5000000E-05               0.32348373            0.19276571
       84      0.0047818941       6.0000000E-05               0.97519323               0.25855087            8.4000000E-05               0.34127004            0.19276571
       86        0.22107195       5.7000000E-05               0.14684271               0.17633085            6.3000000E-05              0.085258241            0.19276571
       88      0.0037648233       5.1000000E-05               0.98046943               0.14095832            6.3000000E-05               0.26875833            0.19276571
       90       0.023375382       5.1000000E-05               0.87873683               0.12529031            6.3000000E-05               0.35003842            0.19276571
       92      0.0013522164       5.3000000E-05               0.99298518               0.19678400            6.4000000E-05              0.020845442            0.19276571
       94      0.0018975326       5.4000000E-05               0.99015628               0.12099103            6.5000000E-05               0.37234153            0.19276571
       96      0.0050358542       5.6000000E-05               0.97387578               0.15771665            5.3000000E-05               0.18182208            0.19276571
       98      0.0037321227       4.3000000E-05               0.98063907               0.17260818            5.2000000E-05               0.10457009            0.19276571
      100      0.0040603608       4.3000000E-05               0.97893629               0.13158220            5.4000000E-05               0.31739833            0.19276571
      100       0.014722352       4.5000000E-05               0.92362567               0.13588998            5.4000000E-05               0.29505106            0.19276571
      120       0.017997069       5.1000000E-05               0.90663760               0.24935209            6.5000000E-05               0.29355003            0.19276571
      140      0.0015687536       6.1000000E-05               0.99186186               0.10311767            7.4000000E-05               0.46506219            0.19276571
      160        0.39331362       7.0000000E-05                1.0403713               0.15407711            8.5000000E-05               0.20070269            0.19276571
      180       0.010603223       7.7000000E-05               0.94499425               0.14395339            9.5000000E-05               0.25322097            0.19276571
      200      0.0061024008       8.6000000E-05               0.96834291               0.12478799            0.00010700000               0.35264425            0.19276571
      220       0.048884108       9.4000000E-05               0.74640662               0.11591444            0.00011700000               0.39867706            0.19276571
      240        0.19635795       0.00010400000              0.018635258               0.16433042            0.00012700000               0.14751217            0.19276571
      260       0.042842166       0.00012400000               0.77775007               0.24182422            0.00021200000               0.25449811            0.19276571
      280      0.0029217938       0.00018900000               0.98484277               0.12908882            0.00017500000               0.33033308            0.19276571
      300       0.020349145       0.00021100000               0.89443587               0.22177327            0.00016300000               0.15048090            0.19276571
      320        0.22079653       0.00021000000               0.14541393               0.23493102            0.00017700000               0.21873863            0.19276571
      340       0.016463486       0.00024800000               0.91459329               0.18753900            0.00018400000              0.027114344            0.19276571
      360        0.28194891       0.00016400000               0.46265073               0.18654058            0.00019400000              0.032293756            0.19276571
      380       0.022183243       0.00019700000               0.88492122               0.20363112            0.00020200000              0.056365874            0.19276571
      400       0.026003154       0.00018800000               0.86510488               0.24060074            0.00021200000               0.24815115            0.19276571
      420         1.9029312       0.00019600000                8.8717310               0.17336446            0.00022200000               0.10064682            0.19276571
      440      0.0061575380       0.00019300000               0.96805688               0.15756745            0.00023800000               0.18259605            0.19276571
      460       0.038038546       0.00022900000               0.80266954               0.18902123            0.00024700000              0.019425032            0.19276571
      480      0.0051813848       0.00025900000               0.97312082               0.22411174            0.00028700000               0.16261205            0.19276571
      500        0.18039040       0.00024100000              0.064198694               0.21302569            0.00022400000               0.10510157            0.19276571
      520       0.064695277       0.00019800000               0.66438390               0.17513181            0.00023000000              0.091478414            0.19276571
      540      0.0039412606       0.00020300000               0.97955414               0.20795795            0.00024000000              0.078811919            0.19276571
      560        0.10367681       0.00021800000               0.46216157               0.23673150            0.00024800000               0.22807886            0.19276571
      580        0.85775758       0.00026000000                3.4497415               0.19356193            0.00025900000             0.0041304860            0.19276571
      600       0.019060942       0.00021400000               0.90111861               0.17923961            0.00026700000              0.070168591            0.19276571
      620        0.13005444       0.00022600000               0.32532378               0.15231928            0.00029000000               0.20982171            0.19276571
      640       0.071560258       0.00021900000               0.62877081               0.20056296            0.00026500000              0.040449339            0.19276571
      660       0.074706718       0.00026800000               0.61244810               0.18657071            0.00026600000              0.032137471            0.19276571
      680       0.012328988       0.00022000000               0.93604159               0.20028801            0.00027300000              0.039022999            0.19276571
      700       0.030178764       0.00023200000               0.84344330               0.22932079            0.00028200000               0.18963477            0.19276571
      720       0.014519779       0.00024000000               0.92467655               0.18926463            0.00030300000              0.018162338            0.19276571
      740        0.17730453       0.00029900000              0.080207125               0.25380734            0.00030700000               0.31666227            0.19276571
      760       0.054151276       0.00026300000               0.71908243               0.14064528            0.00030300000               0.27038225            0.19276571
      780        0.27575897       0.00026100000               0.43053954               0.17693499            0.00034100000              0.082124150            0.19276571
      800       0.024618040       0.00026300000               0.87229036               0.16752283            0.00031200000               0.13095109            0.19276571
      820       0.061473449       0.00034900000               0.68109759               0.20005487            0.00032100000              0.037813549            0.19276571
      840       0.023518999       0.00035500000               0.87799179               0.16816092            0.00051400000               0.12764093            0.19276571
      860       0.052824463       0.00028200000               0.72596546               0.21462309            0.00034800000               0.11338832            0.19276571
      880        0.25276152       0.00043400000               0.31123693               0.20326640            0.00038900000              0.054473836            0.19276571
      900       0.055578140       0.00033000000               0.71168036               0.22718787            0.00034300000               0.17856991            0.19276571
      920       0.095155720       0.00030100000               0.50636594               0.18461486            0.00037800000              0.042283697            0.19276571
      940       0.021392940       0.00030000000               0.88902103               0.22167421            0.00036200000               0.14996701            0.19276571
      960       0.033386595       0.00031300000               0.82680221               0.16447655            0.00035800000               0.14675414            0.19276571
      980       0.039099525       0.00034200000               0.79716556               0.18536503            0.00036400000              0.038392085            0.19276571
     1000        0.15089199       0.00031600000               0.21722597               0.17239451            0.00037600000               0.10567854            0.19276571
     1000       0.048592568       0.00037700000               0.74791903               0.19820123            0.00039300000              0.028197542            0.19276571
     1200       0.041705638       0.00039500000               0.78364597               0.20807298            0.00045000000              0.079408696            0.19276571
     1400       0.042905418       0.00042400000               0.77742194               0.14673893            0.00051800000               0.23877056            0.19276571
     1600         1.3295084       0.00049500000                5.8970173               0.19241056            0.00059400000             0.0018423853            0.19276571
     1800       0.025937914       0.00055000000               0.86544332               0.18209991            0.00066400000              0.055330373            0.19276571
     2000       0.095086015       0.00060300000               0.50672755               0.17657269            0.00074100000              0.084003647            0.19276571
     2200       0.052897178       0.00066600000               0.72558824               0.18737494            0.00081400000              0.027965390            0.19276571
     2400       0.067560620       0.00072800000               0.64951951               0.18464004            0.00088600000              0.042153069            0.19276571
     2600        0.25921978       0.00080600000               0.34474010               0.18974986            0.00099000000              0.015645140            0.19276571
     2800       0.054341531       0.00086500000               0.71809545               0.16143220             0.0010370000               0.16254711            0.19276571
     3000        0.11431346       0.00095500000               0.40698240               0.18203766             0.0011710000              0.055653301            0.19276571
     3200        0.21194844        0.0010440000              0.099513161               0.19813041             0.0011860000              0.027830153            0.19276571
     3400       0.050213716        0.0010280000               0.73950909               0.18736175             0.0012560000              0.028033824            0.19276571
     3600        0.15010552        0.0012390000               0.22130590               0.17755331             0.0013320000              0.078916542            0.19276571
     3800       0.053162752        0.0011650000               0.72421054               0.18440868             0.0014060000              0.043353328            0.19276571
     4000        0.10893109        0.0012690000               0.43490423               0.22290943             0.0015080000               0.15637489            0.19276571
     4200       0.095971201        0.0015010000               0.50213552               0.18380431             0.0015640000              0.046488555            0.19276571
     4400       0.086694830        0.0016300000               0.55025804               0.20011891             0.0016290000              0.038145791            0.19276571
     4600        0.54377176        0.0013750000                1.8208946               0.16952326             0.0016980000               0.12057356            0.19276571
     4800        0.58219889        0.0014380000                2.0202409               0.20010919             0.0017760000              0.038095343            0.19276571
     5000        0.25502158        0.0015000000               0.32296130               0.19951918             0.0018720000              0.035034602            0.19276571
     5200       0.046392915        0.0018050000               0.75933005               0.19068370             0.0019570000              0.010800724            0.19276571
     5400       0.037206608        0.0016340000               0.80698534               0.18230191             0.0020120000              0.054282491            0.19276571
     5600         1.1761798        0.0016840000                5.1016029               0.19793290             0.0021050000              0.026805547            0.19276571
     5800        0.67033306        0.0020440000                2.4774497               0.21415987             0.0021440000               0.11098531            0.19276571
     6000       0.071913252        0.0017990000               0.62693961               0.19479925             0.0022160000              0.010549300            0.19276571
     6200       0.082241071        0.0018630000               0.57336255               0.20710038             0.0023510000              0.074363145            0.19276571
     6400       0.063592962        0.0019330000               0.67010231               0.18867363             0.0023750000              0.021228257            0.19276571
     6600        0.42340015        0.0022750000                1.1964495               0.20013848             0.0024550000              0.038247330            0.19276571
     6800        0.15771983        0.0020470000               0.18180556               0.18954049             0.0025410000              0.016731325            0.19276571
     7000        0.91132967        0.0020910000                3.7276545               0.17672960             0.0025870000              0.083189670            0.19276571
     7200        0.18148473        0.0021510000              0.058521739               0.19557270             0.0026870000              0.014561685            0.19276571
     7400       0.090569825        0.0025700000               0.53015594               0.20396614             0.0027430000              0.058103822            0.19276571
     7600       0.050428206        0.0022750000               0.73839639               0.18955260             0.0028050000              0.016668488            0.19276571
     7800        0.30506497        0.0024120000               0.58256865               0.20514680             0.0029270000              0.064228686            0.19276571
     8000        0.11535716        0.0024490000               0.40156805               0.19558710             0.0029510000              0.014636341            0.19276571
     8200        0.10182168        0.0028270000               0.47178529               0.17816964             0.0030340000              0.075719212            0.19276571
     8400        0.31653710        0.0025060000               0.64208195               0.17586372             0.0030210000              0.087681546            0.19276571
     8600        0.15680329        0.0027280000               0.18656024               0.18609358             0.0032800000              0.034612620            0.19276571
     8800       0.057708816        0.0025440000               0.70062717               0.17842570             0.0030820000              0.074390896            0.19276571
     9000        0.52378666        0.0030990000                1.7172190               0.18246403             0.0033010000              0.053441436            0.19276571
     9200        0.10232552        0.0029880000               0.46917159               0.19245855             0.0034740000             0.0015934204            0.19276571
     9400       0.084867590        0.0027690000               0.55973710               0.19279436             0.0033790000            0.00014860216            0.19276571
     9600       0.046886360        0.0031550000               0.75677023               0.17852984             0.0036420000              0.073850652            0.19276571
     9800       0.055561038        0.0034020000               0.71176908               0.18077564             0.0036190000              0.062200218            0.19276571
    10000        0.17573885        0.0029580000              0.088329284               0.19212423             0.0036640000             0.0033277779            0.19276571
    10000       0.080817326        0.0030710000               0.58074843               0.19431832             0.0036040000             0.0080544060            0.19276571
    12000        0.16607287        0.0037510000               0.13847299               0.19869307             0.0045320000              0.030749024            0.19276571
    14000        0.19969260        0.0048040000              0.035934240               0.19136559             0.0052370000             0.0072633516            0.19276571
    16000        0.20448285        0.0047810000              0.060784335               0.18518911             0.0059580000              0.039304721            0.19276571
    18000        0.14063460        0.0052670000               0.27043770               0.19644050             0.0064840000              0.019063474            0.19276571
    20000        0.31089991        0.0060910000               0.61283825               0.20418301             0.0074160000              0.059228904            0.19276571
    22000        0.47229863        0.0077260000                1.4501174               0.20918472             0.0081910000              0.085175995            0.19276571
    24000        0.17293708        0.0071170000               0.10286386               0.18172836             0.0085660000              0.057257865            0.19276571
    26000        0.22301718        0.0081580000               0.15693386               0.18303760             0.0095370000              0.050465981            0.19276571
    28000        0.14709766        0.0084540000               0.23690964               0.20558914              0.010128000              0.066523393            0.19276571
    30000        0.11940018         0.010210000               0.38059430               0.18775810              0.011074000              0.025977691            0.19276571
    32000        0.21025228        0.0094030000              0.090714099               0.20201493              0.011840000              0.047981657            0.19276571
    34000        0.23029272         0.010343000               0.19467679               0.17349262              0.013268000              0.099981948            0.19276571
    36000       0.094211533         0.010770000               0.51126405               0.19584579              0.013676000              0.015978330            0.19276571
    38000        0.13283145         0.013483000               0.31091766               0.19640072              0.014129000              0.018857123            0.19276571
    40000        0.17027609         0.011965000               0.11666814               0.19467011              0.014813000             0.0098793233            0.19276571
    42000        0.32667676         0.012994000               0.69468291               0.19449755              0.015632000             0.0089841424            0.19276571
    44000        0.10569433         0.013178000               0.45169538               0.19647233              0.016573000              0.019228645            0.19276571
    46000        0.16262334         0.016199000               0.15636792               0.19077148              0.017120000              0.010345354            0.19276571
    48000        0.10913447         0.014157000               0.43384916               0.18922497              0.017355000              0.018368092            0.19276571
    50000       0.085520825         0.015153000               0.55634835               0.18928720              0.018339000              0.018045266            0.19276571
    52000        0.24593196         0.014836000               0.27580761               0.19001125              0.018423000              0.014289143            0.19276571
    54000        0.10603252         0.018661000               0.44994099               0.19985283              0.019824000              0.036765454            0.19276571
    56000        0.14962423         0.016442000               0.22380266               0.18470645              0.021164000              0.041808572            0.19276571
    58000        0.15972802         0.017442000               0.17138782               0.19514792              0.021355000              0.012358045            0.19276571
    60000        0.20500979         0.018025000              0.063517933               0.19415110              0.022145000             0.0071869228            0.19276571
    62000        0.20016400         0.018679000              0.038379704               0.18920111              0.023334000              0.018491881            0.19276571
    64000        0.27489315         0.019398000               0.42604797               0.18520397              0.023652000              0.039227610            0.19276571
    66000        0.15848101         0.019937000               0.17785684               0.18548248              0.024468000              0.037782805            0.19276571
    68000        0.25280888         0.020034000               0.31148263               0.18937832              0.025018000              0.017572555            0.19276571
    70000        0.12150748         0.021138000               0.36966240               0.18351800              0.026239000              0.047973861            0.19276571
    72000        0.40027454         0.021296000                1.0764820               0.19706677              0.026412000              0.022312370            0.19276571
    74000        0.26650743         0.022059000               0.38254583               0.19106887              0.027036000             0.0088025927            0.19276571
    76000        0.14759183         0.022305000               0.23434606               0.19067315              0.027973000              0.010855441            0.19276571
    78000        0.14367792         0.023594000               0.25465004               0.19213897              0.029245000             0.0032512856            0.19276571
    80000        0.10269562         0.023591000               0.46725161               0.20002160              0.029667000              0.037640956            0.19276571
    82000        0.25230043         0.024327000               0.30884495               0.18835909              0.030389000              0.022859986            0.19276571
    84000        0.22354583         0.024845000               0.15967633               0.20017475              0.031028000              0.038435455            0.19276571
    86000        0.22721115         0.025070000               0.17869069               0.19041663              0.031625000              0.012186196            0.19276571
    88000        0.28284465         0.025920000               0.46729755               0.18941478              0.032976000              0.017383448            0.19276571
    90000        0.16123078         0.026889000               0.16359203               0.19059974              0.033257000              0.011236280            0.19276571
    92000        0.45356163         0.027052000                1.3529165               0.19898572              0.033836000              0.032267173            0.19276571
    94000        0.17182502         0.027007000               0.10863289               0.19581855              0.035354000              0.015837042            0.19276571
    96000        0.13416103         0.028582000               0.30402026               0.19600086              0.035423000              0.016782787            0.19276571
    98000        0.14341634         0.028576000               0.25600699               0.19241131              0.036261000             0.0018385019            0.19276571
   100000        0.11575674         0.028913000               0.39949515               0.18953394              0.036867000              0.016765280            0.19276571
   100000        0.24983911         0.029580000               0.29607649               0.19391177              0.036472000             0.0059453240            0.19276571
   120000        0.25580505         0.041240000               0.32702567               0.19246911              0.044432000             0.0015386506            0.19276571
   140000        0.21970545         0.042209000               0.13975379               0.20132245              0.051880000              0.044389343            0.19276571
   160000        0.13288953         0.046772000               0.31061633               0.19118704              0.058087000             0.0081895807            0.19276571
   180000        0.35725462         0.052289000               0.85331002               0.19354394              0.067898000             0.0040371615            0.19276571
   200000        0.25234641         0.070205000               0.30908348               0.19278586              0.075014000            0.00010452016            0.19276571
   220000        0.18268702         0.067003000              0.052284690               0.19157363              0.082701000             0.0061840956            0.19276571
   240000        0.25211265         0.072875000               0.30787083               0.18970962              0.089449000              0.015853906            0.19276571
   260000        0.18567813         0.078032000              0.036767870               0.19280832              0.095390000            0.00022105669            0.19276571
   280000        0.21528214         0.084837000               0.11680724               0.19508632               0.10467400              0.012038504            0.19276571
   300000        0.20878343         0.089008000              0.083094234               0.19155323               0.10700300             0.0062899293            0.19276571
   320000        0.16301685          0.10796900               0.15432654               0.19390575               0.11778900             0.0059141013            0.19276571
   340000        0.18652705          0.10051900              0.032363981               0.19182350               0.12205100             0.0048878572            0.19276571
   360000        0.18687207          0.10615700              0.030574090               0.19381287               0.13058100             0.0054323072            0.19276571
   380000        0.15051683          0.11072400               0.21917218               0.19307631               0.13828800             0.0016113020            0.19276571
   400000        0.17494537          0.11696700              0.092445611               0.19516108               0.14439900              0.012426299            0.19276571
   420000        0.23696949          0.12387400               0.22931352               0.19173576               0.15053200             0.0053430305            0.19276571
   440000        0.20319992          0.12920500              0.054128952               0.19062932               0.16181100              0.011082813            0.19276571
   460000        0.13977805          0.15460100               0.27488114               0.19092171               0.16585200             0.0095660215            0.19276571
   480000        0.15856292          0.14052800               0.17743193               0.19326037               0.17378300             0.0025661221            0.19276571
   500000        0.18920871          0.14742400              0.018452480               0.19318120               0.18180100             0.0021554304            0.19276571
   520000        0.15574577          0.15217300               0.19204628               0.19282257               0.18902500            0.00029496537            0.19276571
   540000        0.15710017          0.18722500               0.18502014               0.19344857               0.19496000             0.0035424121            0.19276571
   560000        0.19079591          0.16472900              0.010218621               0.19173266               0.20606200             0.0053591234            0.19276571
   580000        0.14985714          0.17017200               0.22259440               0.19381610               0.21073700             0.0054490699            0.19276571
   600000        0.22673939          0.17822800               0.17624337               0.19235160               0.21733400             0.0021482748            0.19276571
   620000        0.18504352          0.18286800              0.040059994               0.19055977               0.22204300              0.011443653            0.19276571
   640000        0.17369234          0.18890900              0.098945875               0.19022777               0.23272600              0.013165920            0.19276571
   660000        0.19215749          0.19553300             0.0031552559               0.19192549               0.23897600             0.0043587722            0.19276571
   680000        0.16417966          0.23276400               0.14829426               0.19279489               0.24593700            0.00015135796            0.19276571
   700000        0.18149965          0.20643400              0.058444335               0.19285168               0.25098600            0.00044600098            0.19276571
   720000        0.16882226          0.24320500               0.12421012               0.19279093               0.25647200            0.00013083695            0.19276571
   740000        0.30540583          0.21621600               0.58433689               0.19275140               0.26609700            7.4260166E-05            0.19276571
   760000        0.17580585          0.22259400              0.087981717               0.19217891               0.27171400             0.0030441372            0.19276571
   780000        0.16767470          0.22923100               0.13016324               0.19325511               0.27770400             0.0025388260            0.19276571
   800000        0.16974407          0.23518600               0.11942808               0.19058660               0.28969900              0.011304469            0.19276571
   820000        0.19766996          0.24418900              0.025441481               0.19356299               0.29719200             0.0041359770            0.19276571
   840000        0.22416138          0.24590300               0.16286957               0.19494769               0.30334500              0.011319309            0.19276571
   860000        0.15851031          0.24999900               0.17770482               0.19130104               0.31015400             0.0075981755            0.19276571
   880000        0.18263026          0.25476300              0.052579107               0.19306649               0.31660800             0.0015603527            0.19276571
   900000        0.15640577          0.26273200               0.18862248               0.19482451               0.32224000              0.010680327            0.19276571
   920000        0.23569595          0.26678900               0.22270681               0.19412263               0.33647500             0.0070392015            0.19276571
   940000        0.23448782          0.27632800               0.21643949               0.19365785               0.33924100             0.0046280899            0.19276571
   960000        0.17115298          0.28086100               0.11211917               0.19280799               0.34440900            0.00021932145            0.19276571
   980000        0.19804735          0.28472200              0.027399245               0.19147492               0.35392400             0.0066961892            0.19276571
  1000000        0.19001467          0.33604100              0.014271401               0.19457361               0.37244300             0.0093787184            0.19276571
  1000000        0.21228711          0.29062700               0.10127006               0.19394445               0.35999100             0.0061148718            0.19276571
  1200000        0.15843312          0.34903600               0.17810530               0.19348300               0.43314400             0.0037210384            0.19276571
  1400000        0.19023389          0.40500300              0.013134187               0.19188630               0.50344400             0.0045620653            0.19276571
  1600000        0.26960130          0.46428500               0.39859574               0.19282917               0.57375400            0.00032920719            0.19276571
  1800000        0.16300008          0.52288300               0.15441349               0.19300064               0.64714200             0.0012187192            0.19276571
  2000000        0.19414091          0.58508300             0.0071340524               0.19338829               0.73251400             0.0032297090            0.19276571
  2200000        0.20584367          0.77946200              0.067843793               0.19382384               0.83381100             0.0054891734            0.19276571
  2400000        0.20101324          0.69519000              0.042785235               0.19357584               0.86143100             0.0042026566            0.19276571
  2600000        0.18925642          0.75608300              0.018204979               0.19199588               0.93609300             0.0039936144            0.19276571
  2800000        0.21846670          0.81076300               0.13332758               0.19260614                1.0153620            0.00082779246            0.19276571
  3000000        0.17498685           1.0159800              0.092230398               0.19268632                1.1312790            0.00041186010            0.19276571
  3200000        0.18308717           1.0437730              0.050208833               0.19289113                1.2214630            0.00065065046            0.19276571
  3400000        0.18122642           1.0406220              0.059861761               0.19356575                1.3589210             0.0041502982            0.19276571
  3600000        0.17979386           1.2662740              0.067293334               0.19260111                1.3820280            0.00085389856            0.19276571
  3800000        0.20144687           1.2102390              0.045034770               0.19216484                1.4688610             0.0031170863            0.19276571
  4000000        0.18192820           1.3489150              0.056221163               0.19309847                1.8880250             0.0017262150            0.19276571
  4200000        0.17705896           1.5463340              0.081481049               0.19356115                1.7261870             0.0041264664            0.19276571
  4400000        0.23579040           1.3308700               0.22319680               0.19242525                1.7908920             0.0017661864            0.19276571
  4600000        0.18451780           1.3353670              0.042787220               0.19271975                1.7812970            0.00023840952            0.19276571
  4800000        0.21155415           1.6437090              0.097467741               0.19211289                1.7637550             0.0033866002            0.19276571
  5000000        0.19263770           1.4992240            0.00066407508               0.19281007                1.9417750            0.00023011806            0.19276571
  5200000        0.20654797           1.5678980              0.071497464               0.19214864                1.9303060             0.0032011688            0.19276571
  5400000        0.19600567           1.6510750              0.016807751               0.19343665                2.0447950             0.0034805850            0.19276571
  5600000        0.19106711           1.6847210             0.0088117588               0.19322642                2.0864210             0.0023899871            0.19276571
  5800000        0.18525375           1.7289120              0.038969361               0.19262502                2.1052230            0.00072982970            0.19276571
  6000000        0.18758229           1.7496120              0.026889737               0.19289828                2.1464190            0.00068769591            0.19276571
  6200000        0.18629634           1.8148830              0.033560795               0.19243904                2.3184910             0.0016946686            0.19276571
  6400000        0.19473930           1.9339710              0.010238286               0.19261285                2.3365770            0.00079299396            0.19276571
  6600000        0.18769845           1.9464850              0.026287173               0.19301535                2.4373250             0.0012950390            0.19276571
  6800000        0.19880920           2.0276780              0.031351448               0.19276477                2.5785010            4.9022503E-06            0.19276571
  7000000        0.19430339           2.0886270             0.0079769483               0.19303271                2.6252320             0.0013850833            0.19276571
  7200000        0.19642006           2.1649100              0.018957478               0.19320945                2.6276770             0.0023019655            0.19276571
  7400000        0.20192658           2.2428510              0.047523324               0.19301809                2.6422060             0.0013092642            0.19276571
  7600000        0.18145610           2.2338000              0.058670259               0.19307446                2.8004030             0.0016016854            0.19276571
  7800000        0.19491951           2.3475770              0.011173157               0.19300915                2.8667390             0.0012628612            0.19276571
  8000000        0.18599545           2.4033370              0.035121687               0.19313976                2.9876920             0.0019404170            0.19276571
  8200000        0.18646891           2.4606640              0.032665582               0.19225651                3.0405460             0.0026415361            0.19276571
  8400000        0.18892318           2.4438460              0.019933686               0.19303517                3.0213070             0.0013978673            0.19276571
  8600000        0.18702681           2.5027990              0.029771358               0.19239757                3.0803590             0.0019097969            0.19276571
  8800000        0.19261511           2.5568880            0.00078127177               0.19229943                3.1981090             0.0024188990            0.19276571
  9000000        0.18971015           3.0201160              0.015851162               0.19236745                3.2287420             0.0020660571            0.19276571
  9200000        0.20548557           2.6673660              0.065986114               0.19235502                3.3123690             0.0021305298            0.19276571
  9400000        0.19182197           2.7358730             0.0048957775               0.19272442                3.3791190            0.00021420569            0.19276571
  9600000        0.18412021           2.7927080              0.044849785               0.19307235                3.4511510             0.0015907465            0.19276571
  9800000        0.21914263           2.8456220               0.13683407               0.19224609                3.5131800             0.0026955894            0.19276571
 10000000        0.20186643           2.9023350              0.047211272               0.19244717                3.5803320             0.0016524525            0.19276571
 10000000        0.19606224           2.8957980              0.017101214               0.19350552                3.5837140             0.0038378653            0.19276571
 12000000        0.18686451           3.4829200              0.030613355               0.19264624                4.3159020            0.00061976301            0.19276571
 14000000        0.17997621           4.0532990              0.066347361               0.19255485                5.0566020             0.0010938466            0.19276571
 16000000        0.19301903           4.6523580             0.0013141083               0.19220676                5.7344230             0.0028996555            0.19276571
 18000000        0.19428840           5.2344130             0.0078991727               0.19277586                6.4556550            5.2646349E-05            0.19276571
 20000000        0.18745141           5.7989440              0.027568699               0.19270939                7.1664330            0.00029216998            0.19276571
 22000000        0.18574424           6.3715310              0.036424897               0.19271199                7.8842740            0.00027869828            0.19276571
 24000000        0.19343058           6.9623330             0.0034491224               0.19267551                8.6088610            0.00046792204            0.19276571
 26000000        0.19694352           7.5469770              0.021672999               0.19223309                9.3161660             0.0027630614            0.19276571
 28000000        0.18515545           8.1183220              0.039479350               0.19275678                10.025122            4.6339083E-05            0.19276571
 30000000        0.19520613           8.7008100              0.012660020               0.19286815                10.752057            0.00053141568            0.19276571
 32000000        0.19567858           9.2872470              0.015110942               0.19281646                11.811122            0.00026328567            0.19276571
 34000000        0.18761957           10.157678              0.026696333               0.19300000                12.440491             0.0012154164            0.19276571
 36000000        0.19286571           10.727049            0.00051873969               0.19260923                13.012848            0.00081179096            0.19276571
 38000000        0.18870075           11.026118              0.021087560               0.19269629                13.809177            0.00036014253            0.19276571
 40000000        0.19156771           11.810821             0.0062147983               0.19279786                14.409004            0.00016677263            0.19276571
 42000000        0.19113096           12.256965             0.0084804962               0.19305364                15.282013             0.0014936742            0.19276571
 44000000        0.19403829           12.982709             0.0066016706               0.19285841                15.704715            0.00048090976            0.19276571
 46000000        0.19274316           13.506545            0.00011700478               0.19273057                17.201357            0.00018229496            0.19276571
 48000000        0.19858053           14.362391              0.030165229               0.19258331                17.792362            0.00094623699            0.19276571
 50000000        0.19619645           14.947082              0.017797465               0.19255329                18.522455             0.0011019417            0.19276571
 52000000        0.19600592           15.548699              0.016809062               0.19288861                19.267814            0.00063756130            0.19276571
 54000000        0.18693672           16.143212              0.030238730               0.19290434                19.997573            0.00071918391            0.19276571
 56000000        0.19316240           16.724640             0.0020578735               0.19286122                20.743913            0.00049544665            0.19276571
 58000000        0.19545302           17.337974              0.013940785               0.19283378                21.469426            0.00035309806            0.19276571
 60000000        0.18784055           17.919732              0.025549963               0.19284966                22.184644            0.00043550165            0.19276571
 62000000        0.19181020           18.489886             0.0049568689               0.19267429                23.016369            0.00047425898            0.19276571
 64000000        0.19970056           19.083913              0.035975546               0.19286867                23.631515            0.00053409755            0.19276571
 66000000        0.19801507           19.673193              0.027231812               0.19262456                24.370109            0.00073222101            0.19276571
 68000000        0.19407890           20.289810             0.0068123601               0.19274941                25.178386            8.4566527E-05            0.19276571
 70000000        0.19069917           20.876397              0.010720473               0.19277732                25.880063            6.0216766E-05            0.19276571
 72000000        0.19287299           21.498578            0.00055652679               0.19306316                26.612935             0.0015430641            0.19276571
 74000000        0.19664134           22.061152              0.020105400               0.19276498                27.391465            3.7959001E-06            0.19276571
 76000000        0.20019083           26.170618              0.038518872               0.19280700                28.089701            0.00021419172            0.19276571
 78000000        0.19499750           23.260798              0.011577715               0.19265699                28.837117            0.00056402599            0.19276571
 80000000        0.19249423           23.897126             0.0014083302               0.19297541                29.593232             0.0010878248            0.19276571
 82000000        0.19565487           24.472016              0.014987943               0.19263261                30.386388            0.00069049845            0.19276571
 84000000        0.19365446           25.076969             0.0046105374               0.19261612                31.097044            0.00077602435            0.19276571
 86000000        0.19288475           25.677645            0.00061754577               0.19267461                31.899296            0.00047261741            0.19276571
 88000000        0.19354650           26.316681             0.0040504374               0.19265496                32.706166            0.00057451097            0.19276571
 90000000        0.19232714           26.931246             0.0022751430               0.19265292                33.401876            0.00058514026            0.19276571
 92000000        0.20798309           27.357925              0.078942374               0.19261315                33.961532            0.00079142978            0.19276571
 94000000        0.19028105           28.022475              0.012889535               0.19277922                34.700370            7.0067628E-05            0.19276571
 96000000        0.19293405           28.589276            0.00087327832               0.19279012                35.450309            0.00012660351            0.19276571
 98000000        0.19276575           29.229445            2.1435482E-07               0.19295313                36.263716            0.00097224962            0.19276571
100000000        0.19340631           29.856914             0.0033232220               0.19253145                37.004875             0.0012152499            0.19276571
100000000        0.18463522           29.829268              0.042178085               0.19269598                37.011984            0.00036175612            0.19276571
120000000        0.18973492           35.775957              0.015722657               0.19273323                44.400771            0.00016852454            0.19276571
140000000        0.19363780           48.135903             0.0045241130               0.19297054                51.788277             0.0010625989            0.19276571
160000000        0.19371640           47.693303             0.0049318246               0.19267747                59.138314            0.00045774419            0.19276571
180000000        0.18761397           53.656983              0.026725381               0.19271408                66.517690            0.00026785835            0.19276571
200000000        0.19217366           68.766689             0.0030713601               0.19280804                73.906582            0.00021956759            0.19276571
220000000        0.19208044           65.654503             0.0035549554               0.19266491                81.444902            0.00052292385            0.19276571
240000000        0.18914164           71.757212              0.018800390               0.19276195                88.960074            1.9509697E-05            0.19276571
260000000        0.19453901           77.393251             0.0091992695               0.19277544                95.947705            5.0451969E-05            0.19276571
280000000        0.19342182           83.571563             0.0034036662               0.19285948                103.63058            0.00048644390            0.19276571
300000000        0.19017354           89.508552              0.013447250               0.19271498                110.85057            0.00026317430            0.19276571
320000000        0.18919553           95.360000              0.018520829               0.19276384                118.22437            9.6854479E-06            0.19276571
340000000        0.19110963           101.27721             0.0085911487               0.19272647                126.01029            0.00020355100            0.19276571
360000000        0.19547409           107.51273              0.014050129               0.19272618                133.46166            0.00020508307            0.19276571
380000000        0.19402277           113.24467             0.0065211826               0.19269209                140.48310            0.00038190039            0.19276571
400000000        0.19687048           138.13298              0.021294087               0.19284936                147.81869            0.00043396498            0.19276571
420000000        0.19300795           125.13383             0.0012566508               0.19272359                155.08634            0.00021850287            0.19276571
440000000        0.19266956           131.14552            0.00049881129               0.19276043                162.98299            2.7403334E-05            0.19276571
460000000        0.19280003           137.38443            0.00017801772               0.19271479                169.86251            0.00026418266            0.19276571
480000000        0.19418651           143.34926             0.0073706258               0.19278987                177.52174            0.00012532595            0.19276571
500000000        0.19302225           149.00063             0.0013308225               0.19279961                184.69628            0.00017585506            0.19276571
520000000        0.19249544           155.06259             0.0014020792               0.19278697                192.78683            0.00011030780            0.19276571
540000000        0.19193669           160.84185             0.0043006607               0.19284456                199.66531            0.00040904424            0.19276571
560000000        0.19477287           166.93598              0.010412451               0.19271188                206.89716            0.00027927242            0.19276571
580000000        0.19115374           172.79924             0.0083623215               0.19287170                214.63745            0.00054984045            0.19276571
600000000        0.19404463           179.19164             0.0066345879               0.19282651                221.61281            0.00031538729            0.19276571
620000000        0.19180568           184.97121             0.0049803226               0.19276153                229.08320            2.1702783E-05            0.19276571
640000000        0.19290109           190.63691            0.00070229615               0.19274847                236.83287            8.9418974E-05            0.19276571
660000000        0.19167399           196.96239             0.0056634653               0.19275133                244.01026            7.4626949E-05            0.19276571
680000000        0.19224880           202.90985             0.0026815646               0.19278616                251.09499            0.00010606528            0.19276571
700000000        0.19427310           240.78835             0.0078197736               0.19278382                259.14508            9.3950295E-05            0.19276571
720000000        0.19346327           214.42537             0.0036186847               0.19262989                266.33623            0.00070459034            0.19276571
740000000        0.19291635           220.42355            0.00078143904               0.19274659                273.51046            9.9201289E-05            0.19276571
760000000        0.19429823           222.41409             0.0079501574               0.19273814                269.44494            0.00014300738            0.19276571
780000000        0.19105066           257.98784             0.0088970981               0.19276009                276.48861            2.9142470E-05            0.19276571
800000000        0.19797416           229.32074              0.027019561               0.19275951                283.69990            3.2189465E-05            0.19276571
820000000        0.19218813           234.86204             0.0029962590               0.19271472                290.64220            0.00026452258            0.19276571
840000000        0.19373477           240.42741             0.0050271164               0.19275940                297.95014            3.2715222E-05            0.19276571
860000000        0.19040412           246.15408              0.012251074               0.19281252                305.01045            0.00024280439            0.19276571
880000000        0.19326752           251.94424             0.0026032016               0.19271008                312.05600            0.00028858510            0.19276571
900000000        0.19294589           257.60157            0.00093468266               0.19274696                319.20589            9.7256000E-05            0.19276571
920000000        0.19358134           263.35451             0.0042311855               0.19280891                326.43027            0.00022407849            0.19276571
940000000        0.19022227           269.05756              0.013194456               0.19276033                333.38519            2.7939941E-05            0.19276571
960000000        0.19153292           274.75453             0.0063952898               0.19276673                340.37053            5.2906763E-06            0.19276571
980000000        0.19240136           280.45299             0.0018900986               0.19276003                347.51170            2.9466633E-05            0.19276571
1000000000        0.19167239           330.61712             0.0056717857               0.19276881                355.21229            1.6066653E-05            0.19276571
