|   N:  |  Legendre:    |  CPU-time Legendre:    | Relative error Legendre: |   Laguerre:  | CPU-time Laguerre | Relative error Laguerre: |  Excact result: |
|       |               |                        |                          |              |                   |                          |                 |
    1         0.0000000       4.0000000E-06              1.0000000             0.0000000       1.6000000E-05              1.0000000            0.19276571
    2     3.6218702E-07       1.0000000E-05             0.99999812            0.12107106       5.2000000E-05             0.37192637            0.19276571
    3        0.10867179       0.00011000000             0.43624936            0.15195792       0.00018900000             0.21169632            0.19276571
    4     0.00093704737       0.00050200000             0.99513893            0.16602049       0.00096200000             0.13874471            0.19276571
    5        0.26424897        0.0013400000             0.37082975            0.17344965        0.0026260000             0.10020488            0.19276571
    6       0.013032418        0.0036760000             0.93239245            0.17812256        0.0067000000            0.075963478            0.19276571
    7        0.32952507        0.0065570000             0.70945896            0.18129431         0.011496000            0.059509526            0.19276571
    8       0.040638409         0.011171000             0.78918238            0.18354612         0.021725000            0.047827962            0.19276571
    9        0.32151831         0.021388000             0.66792271            0.18520250         0.043368000            0.039235267            0.19276571
   10       0.071979677         0.038467000             0.62659502            0.18645734         0.080845000            0.032725561            0.19276571
   11        0.29126065         0.069211000             0.51095672            0.18743164          0.13991400            0.027671249            0.19276571
   12       0.099032016          0.11730600             0.48625710            0.18820383          0.24034000            0.023665394            0.19276571
   13        0.26182101          0.19203000             0.35823434            0.18882658          0.39541700            0.020434801            0.19276571
   14        0.12003677          0.30106400             0.37729191            0.18933633          0.60034100            0.017790403            0.19276571
   15        0.23908829          0.45682000             0.24030508            0.18975898          0.92516800            0.015597843            0.19276571
   16        0.13575194          0.66624800             0.29576719            0.19011336           1.3420410            0.013759435            0.19276571
   17        0.22293253          0.96135800             0.15649474            0.19041345           1.9567170            0.012202707            0.19276571
   18        0.14742228           1.3589360             0.23522560            0.19066978           2.6448940            0.010872927            0.19276571
   19        0.21183181           1.8457960            0.098908167            0.19089046           3.6507100           0.0097281252            0.19276571
   20        0.15613939           2.4473290             0.19000433            0.19108178           4.9065810           0.0087356400            0.19276571
   21        0.20430701           3.2780720            0.059872177            0.19124869           6.5932420           0.0078697562            0.19276571
   22        0.16272730           4.3220840             0.15582860            0.19139515           8.7783440           0.0071099837            0.19276571
   23        0.19923189           5.6551880            0.033544215            0.19152433           11.334655           0.0064398280            0.19276571
   24        0.16777669           7.2937420             0.12963413            0.19163882           14.699951           0.0058458912            0.19276571
   25        0.19581657           9.3107920            0.015826747            0.19174074           18.834245           0.0053171901            0.19276571
   26        0.17170419           11.787052             0.10925969            0.19183183           23.647469           0.0048446562            0.19276571
   27        0.19352439           14.778363           0.0039357666            0.19191354           30.496973           0.0044207484            0.19276571
   28        0.17480346           19.412588            0.093181793            0.19198710           38.146178           0.0040391431            0.19276571
   29        0.19199458           23.619918           0.0040003632            0.19205354           47.719577           0.0036945135            0.19276571
   30        0.17728296           28.231161            0.080319028            0.19211371           57.105918           0.0033823492            0.19276571
   31        0.19098472           34.759527           0.0092391291            0.19216837           71.081179           0.0030988014            0.19276571
   32        0.17929224           42.420978            0.069895566            0.19221815           82.207859           0.0028405766            0.19276571
   33        0.19033127           49.304976            0.012629004            0.19226359           99.594886           0.0026048340            0.19276571
   34        0.18093994           61.177383            0.061347923            0.19230517           123.54073           0.0023891254            0.19276571
   35        0.18992314           113.10493            0.014746254            0.19234330           140.53184           0.0021913253            0.19276571
   36        0.18230595           85.427449            0.054261516            0.19237833           172.78751           0.0020095778            0.19276571
   37        0.18968431           101.70922            0.015985197            0.19241059           205.50908           0.0018422575            0.19276571
   38        0.18344985           119.51301            0.048327354            0.19244033           239.03614           0.0016879461            0.19276571
   39        0.18956239           220.32202            0.016617681            0.19246781           277.99682           0.0015453852            0.19276571
   40        0.18441660           258.27377            0.043312223            0.19249324           327.08954           0.0014134742            0.19276571
   41        0.18952099           295.90889            0.016832455            0.19251681           376.78985           0.0012912240            0.19276571
   42        0.18524053           345.24138            0.039037965            0.19253868           436.06928           0.0011777669            0.19276571
   43        0.18953469           400.07341            0.016761397            0.19255900           503.61357           0.0010723255            0.19276571
   44        0.18594818           459.04792            0.035366907            0.19257792           578.24625          0.00097420631            0.19276571
   45        0.18958563           515.14161            0.016497130            0.19259554           659.29066          0.00088278594            0.19276571
   46        0.18656029           595.57427            0.032191500            0.19261198           748.00244          0.00079750840            0.19276571
   47        0.18966123           679.18891            0.016104967            0.19262733           849.42091          0.00071787134            0.19276571
   48        0.18709322           769.15265            0.029426869            0.19264168           1001.1694          0.00064342440            0.19276571
   49        0.18975258           845.89697            0.015631076            0.19265511           1063.2097          0.00057375373            0.19276571
   50        0.18756000           954.43355            0.027005385            0.19266769           1236.8274          0.00050849452            0.19276571
