            0            0            0            0            0            0            0            0            0   1.0000e+00
            0   2.4664e-05   9.8656e-05   3.6996e-04   1.3812e-03   5.1548e-03   1.9238e-02   7.1797e-02   2.6795e-01   1.0000e+00
            0   1.3638e-04   4.9619e-04   1.6511e-03   5.3681e-03   1.7059e-02   5.2559e-02   1.5470e-01   4.2265e-01   1.0000e+00
            0   4.2525e-04   1.4283e-03   4.2954e-03   1.2451e-02   3.4773e-02   9.2523e-02   2.3020e-01   5.1887e-01   1.0000e+00
            0   9.8681e-04   3.0967e-03   8.5436e-03   2.2487e-02   5.6502e-02   1.3397e-01   2.9435e-01   5.8302e-01   1.0000e+00
            0   1.9008e-03   5.6294e-03   1.4423e-02   3.4977e-02   8.0512e-02   1.7407e-01   3.4781e-01   6.2846e-01   1.0000e+00
            0   3.2180e-03   9.0705e-03   2.1805e-02   4.9303e-02   1.0545e-01   2.1149e-01   3.9236e-01   6.6232e-01   1.0000e+00
            0   4.9568e-03   1.3391e-02   3.0467e-02   6.4866e-02   1.3039e-01   2.4578e-01   4.2977e-01   6.8860e-01   1.0000e+00
            0   7.1057e-03   1.8509e-02   4.0148e-02   8.1150e-02   1.5472e-01   2.7696e-01   4.6155e-01   7.0969e-01   1.0000e+00
            0   9.6301e-03   2.4309e-02   5.0588e-02   9.7748e-02   1.7810e-01   3.0522e-01   4.8884e-01   7.2706e-01   1.0000e+00
            0   1.2480e-02   3.0661e-02   6.1546e-02   1.1435e-01   2.0035e-01   3.3083e-01   5.1254e-01   7.4166e-01   1.0000e+00
            0   1.5598e-02   3.7433e-02   7.2811e-02   1.3072e-01   2.2138e-01   3.5409e-01   5.3334e-01   7.5417e-01   1.0000e+00
            0   1.8924e-02   4.4499e-02   8.4208e-02   1.4671e-01   2.4118e-01   3.7528e-01   5.5174e-01   7.6502e-01   1.0000e+00
            0   2.2399e-02   5.1747e-02   9.5591e-02   1.6220e-01   2.5980e-01   3.9463e-01   5.6817e-01   7.7455e-01   1.0000e+00
            0   2.5969e-02   5.9078e-02   1.0685e-01   1.7713e-01   2.7727e-01   4.1237e-01   5.8293e-01   7.8301e-01   1.0000e+00
            0   2.9586e-02   6.6408e-02   1.1789e-01   1.9146e-01   2.9367e-01   4.2867e-01   5.9627e-01   7.9057e-01   1.0000e+00
            0   3.3211e-02   7.3669e-02   1.2865e-01   2.0515e-01   3.0905e-01   4.4370e-01   6.0841e-01   7.9739e-01   1.0000e+00
            0   3.6807e-02   8.0806e-02   1.3908e-01   2.1821e-01   3.2347e-01   4.5759e-01   6.1949e-01   8.0357e-01   1.0000e+00
            0   4.0348e-02   8.7777e-02   1.4915e-01   2.3065e-01   3.3702e-01   4.7047e-01   6.2966e-01   8.0920e-01   1.0000e+00
            0   4.3811e-02   9.4547e-02   1.5883e-01   2.4246e-01   3.4973e-01   4.8242e-01   6.3903e-01   8.1436e-01   1.0000e+00
            0   4.7179e-02   1.0109e-01   1.6811e-01   2.5368e-01   3.6167e-01   4.9355e-01   6.4767e-01   8.1910e-01   1.0000e+00
            0   5.0440e-02   1.0740e-01   1.7698e-01   2.6431e-01   3.7289e-01   5.0392e-01   6.5568e-01   8.2347e-01   1.0000e+00
            0   5.3585e-02   1.1346e-01   1.8545e-01   2.7437e-01   3.8344e-01   5.1360e-01   6.6312e-01   8.2751e-01   1.0000e+00
            0   5.6608e-02   1.1926e-01   1.9352e-01   2.8391e-01   3.9336e-01   5.2265e-01   6.7004e-01   8.3127e-01   1.0000e+00
            0   5.9505e-02   1.2480e-01   2.0119e-01   2.9292e-01   4.0269e-01   5.3112e-01   6.7649e-01   8.3476e-01   1.0000e+00
            0   6.2275e-02   1.3009e-01   2.0848e-01   3.0145e-01   4.1147e-01   5.3905e-01   6.8251e-01   8.3800e-01   1.0000e+00
            0   6.4919e-02   1.3512e-01   2.1540e-01   3.0951e-01   4.1974e-01   5.4649e-01   6.8814e-01   8.4104e-01   1.0000e+00
            0   6.7437e-02   1.3991e-01   2.2196e-01   3.1712e-01   4.2752e-01   5.5348e-01   6.9341e-01   8.4387e-01   1.0000e+00
            0   6.9833e-02   1.4446e-01   2.2817e-01   3.2432e-01   4.3485e-01   5.6004e-01   6.9834e-01   8.4652e-01   1.0000e+00
            0   7.2109e-02   1.4877e-01   2.3406e-01   3.3111e-01   4.4175e-01   5.6620e-01   7.0297e-01   8.4900e-01   1.0000e+00
            0   7.4269e-02   1.5286e-01   2.3962e-01   3.3752e-01   4.4825e-01   5.7199e-01   7.0732e-01   8.5133e-01   1.0000e+00
            0   7.6317e-02   1.5673e-01   2.4489e-01   3.4358e-01   4.5438e-01   5.7744e-01   7.1140e-01   8.5351e-01   1.0000e+00
            0   7.8258e-02   1.6040e-01   2.4987e-01   3.4930e-01   4.6016e-01   5.8257e-01   7.1523e-01   8.5557e-01   1.0000e+00
            0   8.0095e-02   1.6387e-01   2.5457e-01   3.5469e-01   4.6560e-01   5.8739e-01   7.1884e-01   8.5749e-01   1.0000e+00
            0   8.1834e-02   1.6715e-01   2.5902e-01   3.5978e-01   4.7073e-01   5.9194e-01   7.2223e-01   8.5930e-01   1.0000e+00
            0   8.3479e-02   1.7025e-01   2.6322e-01   3.6459e-01   4.7557e-01   5.9621e-01   7.2542e-01   8.6101e-01   1.0000e+00
            0   8.5034e-02   1.7318e-01   2.6718e-01   3.6912e-01   4.8012e-01   6.0024e-01   7.2842e-01   8.6261e-01   1.0000e+00
            0   8.6504e-02   1.7595e-01   2.7093e-01   3.7340e-01   4.8442e-01   6.0404e-01   7.3125e-01   8.6412e-01   1.0000e+00
            0   8.7892e-02   1.7856e-01   2.7446e-01   3.7743e-01   4.8847e-01   6.0762e-01   7.3391e-01   8.6554e-01   1.0000e+00
            0   8.9204e-02   1.8103e-01   2.7780e-01   3.8124e-01   4.9229e-01   6.1099e-01   7.3642e-01   8.6687e-01   1.0000e+00
            0   9.0443e-02   1.8336e-01   2.8095e-01   3.8483e-01   4.9589e-01   6.1416e-01   7.3879e-01   8.6813e-01   1.0000e+00
            0   9.1613e-02   1.8556e-01   2.8392e-01   3.8822e-01   4.9929e-01   6.1716e-01   7.4101e-01   8.6932e-01   1.0000e+00
            0   9.2717e-02   1.8764e-01   2.8672e-01   3.9141e-01   5.0249e-01   6.1998e-01   7.4311e-01   8.7044e-01   1.0000e+00
            0   9.3759e-02   1.8960e-01   2.8937e-01   3.9443e-01   5.0551e-01   6.2264e-01   7.4509e-01   8.7149e-01   1.0000e+00
            0   9.4743e-02   1.9145e-01   2.9187e-01   3.9727e-01   5.0836e-01   6.2515e-01   7.4695e-01   8.7248e-01   1.0000e+00
            0   9.5672e-02   1.9320e-01   2.9422e-01   3.9995e-01   5.1105e-01   6.2751e-01   7.4871e-01   8.7342e-01   1.0000e+00
            0   9.6548e-02   1.9485e-01   2.9644e-01   4.0248e-01   5.1358e-01   6.2974e-01   7.5037e-01   8.7430e-01   1.0000e+00
            0   9.7375e-02   1.9640e-01   2.9854e-01   4.0487e-01   5.1597e-01   6.3185e-01   7.5193e-01   8.7513e-01   1.0000e+00
            0   9.8154e-02   1.9787e-01   3.0052e-01   4.0712e-01   5.1822e-01   6.3383e-01   7.5340e-01   8.7592e-01   1.0000e+00
            0   9.8890e-02   1.9925e-01   3.0238e-01   4.0924e-01   5.2034e-01   6.3570e-01   7.5479e-01   8.7665e-01   1.0000e+00
            0   9.9585e-02   2.0056e-01   3.0414e-01   4.1124e-01   5.2235e-01   6.3746e-01   7.5610e-01   8.7735e-01   1.0000e+00
            0   1.0024e-01   2.0179e-01   3.0580e-01   4.1313e-01   5.2424e-01   6.3912e-01   7.5733e-01   8.7801e-01   1.0000e+00
            0   1.0086e-01   2.0295e-01   3.0737e-01   4.1491e-01   5.2602e-01   6.4069e-01   7.5849e-01   8.7863e-01   1.0000e+00
            0   1.0144e-01   2.0405e-01   3.0884e-01   4.1659e-01   5.2770e-01   6.4217e-01   7.5959e-01   8.7921e-01   1.0000e+00
            0   1.0199e-01   2.0508e-01   3.1023e-01   4.1817e-01   5.2928e-01   6.4356e-01   7.6063e-01   8.7976e-01   1.0000e+00
            0   1.0251e-01   2.0605e-01   3.1155e-01   4.1967e-01   5.3078e-01   6.4488e-01   7.6160e-01   8.8028e-01   1.0000e+00
            0   1.0300e-01   2.0697e-01   3.1279e-01   4.2108e-01   5.3219e-01   6.4612e-01   7.6252e-01   8.8077e-01   1.0000e+00
            0   1.0346e-01   2.0784e-01   3.1395e-01   4.2241e-01   5.3352e-01   6.4728e-01   7.6339e-01   8.8123e-01   1.0000e+00
            0   1.0389e-01   2.0866e-01   3.1506e-01   4.2366e-01   5.3477e-01   6.4839e-01   7.6421e-01   8.8167e-01   1.0000e+00
            0   1.0430e-01   2.0943e-01   3.1610e-01   4.2484e-01   5.3595e-01   6.4943e-01   7.6498e-01   8.8208e-01   1.0000e+00
            0   1.0469e-01   2.1016e-01   3.1708e-01   4.2596e-01   5.3707e-01   6.5041e-01   7.6571e-01   8.8247e-01   1.0000e+00
            0   1.0506e-01   2.1084e-01   3.1800e-01   4.2701e-01   5.3812e-01   6.5133e-01   7.6640e-01   8.8283e-01   1.0000e+00
            0   1.0540e-01   2.1149e-01   3.1887e-01   4.2800e-01   5.3911e-01   6.5221e-01   7.6704e-01   8.8318e-01   1.0000e+00
            0   1.0573e-01   2.1210e-01   3.1970e-01   4.2894e-01   5.4005e-01   6.5303e-01   7.6765e-01   8.8350e-01   1.0000e+00
            0   1.0603e-01   2.1268e-01   3.2047e-01   4.2982e-01   5.4093e-01   6.5380e-01   7.6823e-01   8.8381e-01   1.0000e+00
            0   1.0632e-01   2.1322e-01   3.2120e-01   4.3065e-01   5.4176e-01   6.5454e-01   7.6877e-01   8.8410e-01   1.0000e+00
            0   1.0659e-01   2.1373e-01   3.2189e-01   4.3143e-01   5.4255e-01   6.5523e-01   7.6929e-01   8.8437e-01   1.0000e+00
            0   1.0685e-01   2.1421e-01   3.2254e-01   4.3217e-01   5.4329e-01   6.5588e-01   7.6977e-01   8.8463e-01   1.0000e+00
            0   1.0709e-01   2.1467e-01   3.2316e-01   4.3287e-01   5.4398e-01   6.5649e-01   7.7022e-01   8.8487e-01   1.0000e+00
            0   1.0732e-01   2.1510e-01   3.2374e-01   4.3353e-01   5.4464e-01   6.5707e-01   7.7065e-01   8.8510e-01   1.0000e+00
            0   1.0754e-01   2.1550e-01   3.2428e-01   4.3415e-01   5.4526e-01   6.5761e-01   7.7106e-01   8.8531e-01   1.0000e+00
            0   1.0774e-01   2.1589e-01   3.2480e-01   4.3474e-01   5.4585e-01   6.5813e-01   7.7144e-01   8.8552e-01   1.0000e+00
            0   1.0793e-01   2.1625e-01   3.2528e-01   4.3529e-01   5.4640e-01   6.5862e-01   7.7180e-01   8.8571e-01   1.0000e+00
            0   1.0811e-01   2.1659e-01   3.2574e-01   4.3581e-01   5.4692e-01   6.5907e-01   7.7214e-01   8.8589e-01   1.0000e+00
            0   1.0828e-01   2.1691e-01   3.2617e-01   4.3630e-01   5.4741e-01   6.5950e-01   7.7246e-01   8.8606e-01   1.0000e+00
            0   1.0844e-01   2.1721e-01   3.2658e-01   4.3676e-01   5.4787e-01   6.5991e-01   7.7276e-01   8.8622e-01   1.0000e+00
            0   1.0860e-01   2.1749e-01   3.2696e-01   4.3720e-01   5.4831e-01   6.6030e-01   7.7305e-01   8.8637e-01   1.0000e+00
            0   1.0874e-01   2.1776e-01   3.2733e-01   4.3761e-01   5.4872e-01   6.6066e-01   7.7332e-01   8.8652e-01   1.0000e+00
            0   1.0887e-01   2.1802e-01   3.2767e-01   4.3800e-01   5.4911e-01   6.6100e-01   7.7357e-01   8.8665e-01   1.0000e+00
            0   1.0900e-01   2.1826e-01   3.2799e-01   4.3837e-01   5.4948e-01   6.6132e-01   7.7381e-01   8.8678e-01   1.0000e+00
            0   1.0912e-01   2.1848e-01   3.2829e-01   4.3871e-01   5.4982e-01   6.6163e-01   7.7404e-01   8.8690e-01   1.0000e+00
            0   1.0923e-01   2.1869e-01   3.2858e-01   4.3904e-01   5.5015e-01   6.6191e-01   7.7425e-01   8.8701e-01   1.0000e+00
            0   1.0934e-01   2.1889e-01   3.2885e-01   4.3935e-01   5.5046e-01   6.6218e-01   7.7445e-01   8.8712e-01   1.0000e+00
            0   1.0944e-01   2.1908e-01   3.2911e-01   4.3964e-01   5.5075e-01   6.6244e-01   7.7464e-01   8.8722e-01   1.0000e+00
            0   1.0954e-01   2.1926e-01   3.2935e-01   4.3991e-01   5.5102e-01   6.6268e-01   7.7482e-01   8.8731e-01   1.0000e+00
            0   1.0963e-01   2.1943e-01   3.2957e-01   4.4017e-01   5.5128e-01   6.6291e-01   7.7499e-01   8.8740e-01   1.0000e+00
            0   1.0971e-01   2.1959e-01   3.2979e-01   4.4041e-01   5.5152e-01   6.6312e-01   7.7515e-01   8.8749e-01   1.0000e+00
            0   1.0979e-01   2.1974e-01   3.2999e-01   4.4064e-01   5.5175e-01   6.6332e-01   7.7529e-01   8.8757e-01   1.0000e+00
            0   1.0987e-01   2.1988e-01   3.3018e-01   4.4086e-01   5.5197e-01   6.6351e-01   7.7544e-01   8.8764e-01   1.0000e+00
            0   1.0994e-01   2.2001e-01   3.3036e-01   4.4106e-01   5.5217e-01   6.6369e-01   7.7557e-01   8.8771e-01   1.0000e+00
            0   1.1000e-01   2.2014e-01   3.3053e-01   4.4125e-01   5.5236e-01   6.6386e-01   7.7569e-01   8.8778e-01   1.0000e+00
            0   1.1007e-01   2.2026e-01   3.3069e-01   4.4143e-01   5.5255e-01   6.6402e-01   7.7581e-01   8.8784e-01   1.0000e+00
            0   1.1013e-01   2.2037e-01   3.3084e-01   4.4161e-01   5.5272e-01   6.6417e-01   7.7593e-01   8.8790e-01   1.0000e+00
            0   1.1018e-01   2.2047e-01   3.3098e-01   4.4177e-01   5.5288e-01   6.6431e-01   7.7603e-01   8.8796e-01   1.0000e+00
            0   1.1023e-01   2.2057e-01   3.3111e-01   4.4192e-01   5.5303e-01   6.6445e-01   7.7613e-01   8.8801e-01   1.0000e+00
            0   1.1028e-01   2.2067e-01   3.3124e-01   4.4206e-01   5.5317e-01   6.6457e-01   7.7622e-01   8.8806e-01   1.0000e+00
            0   1.1033e-01   2.2076e-01   3.3136e-01   4.4220e-01   5.5331e-01   6.6469e-01   7.7631e-01   8.8811e-01   1.0000e+00
            0   1.1038e-01   2.2084e-01   3.3147e-01   4.4233e-01   5.5344e-01   6.6480e-01   7.7640e-01   8.8815e-01   1.0000e+00
            0   1.1042e-01   2.2092e-01   3.3158e-01   4.4245e-01   5.5356e-01   6.6491e-01   7.7647e-01   8.8820e-01   1.0000e+00
            0   1.1046e-01   2.2099e-01   3.3168e-01   4.4256e-01   5.5367e-01   6.6501e-01   7.7655e-01   8.8823e-01   1.0000e+00
            0   1.1049e-01   2.2106e-01   3.3177e-01   4.4267e-01   5.5378e-01   6.6510e-01   7.7662e-01   8.8827e-01   1.0000e+00
            0   1.1053e-01   2.2113e-01   3.3186e-01   4.4277e-01   5.5388e-01   6.6519e-01   7.7668e-01   8.8831e-01   1.0000e+00
            0   1.1056e-01   2.2119e-01   3.3194e-01   4.4286e-01   5.5398e-01   6.6528e-01   7.7675e-01   8.8834e-01   1.0000e+00
            0   1.1059e-01   2.2125e-01   3.3202e-01   4.4295e-01   5.5407e-01   6.6536e-01   7.7680e-01   8.8837e-01   1.0000e+00
            0   1.1062e-01   2.2130e-01   3.3210e-01   4.4304e-01   5.5415e-01   6.6543e-01   7.7686e-01   8.8840e-01   1.0000e+00
            0   1.1065e-01   2.2136e-01   3.3217e-01   4.4312e-01   5.5423e-01   6.6550e-01   7.7691e-01   8.8843e-01   1.0000e+00
            0   1.1068e-01   2.2141e-01   3.3223e-01   4.4319e-01   5.5431e-01   6.6557e-01   7.7696e-01   8.8845e-01   1.0000e+00
            0   1.1070e-01   2.2145e-01   3.3230e-01   4.4327e-01   5.5438e-01   6.6563e-01   7.7701e-01   8.8848e-01   1.0000e+00
            0   1.1072e-01   2.2150e-01   3.3236e-01   4.4333e-01   5.5444e-01   6.6569e-01   7.7705e-01   8.8850e-01   1.0000e+00
            0   1.1075e-01   2.2154e-01   3.3241e-01   4.4340e-01   5.5451e-01   6.6574e-01   7.7709e-01   8.8852e-01   1.0000e+00
            0   1.1077e-01   2.2158e-01   3.3246e-01   4.4346e-01   5.5457e-01   6.6580e-01   7.7713e-01   8.8855e-01   1.0000e+00
            0   1.1079e-01   2.2161e-01   3.3251e-01   4.4351e-01   5.5462e-01   6.6585e-01   7.7717e-01   8.8856e-01   1.0000e+00
            0   1.1081e-01   2.2165e-01   3.3256e-01   4.4356e-01   5.5468e-01   6.6589e-01   7.7720e-01   8.8858e-01   1.0000e+00
            0   1.1082e-01   2.2168e-01   3.3260e-01   4.4361e-01   5.5473e-01   6.6594e-01   7.7724e-01   8.8860e-01   1.0000e+00
            0   1.1084e-01   2.2171e-01   3.3265e-01   4.4366e-01   5.5477e-01   6.6598e-01   7.7727e-01   8.8862e-01   1.0000e+00
            0   1.1085e-01   2.2174e-01   3.3268e-01   4.4371e-01   5.5482e-01   6.6602e-01   7.7730e-01   8.8863e-01   1.0000e+00
            0   1.1087e-01   2.2177e-01   3.3272e-01   4.4375e-01   5.5486e-01   6.6605e-01   7.7732e-01   8.8865e-01   1.0000e+00
            0   1.1088e-01   2.2179e-01   3.3276e-01   4.4379e-01   5.5490e-01   6.6609e-01   7.7735e-01   8.8866e-01   1.0000e+00
            0   1.1090e-01   2.2182e-01   3.3279e-01   4.4383e-01   5.5494e-01   6.6612e-01   7.7737e-01   8.8867e-01   1.0000e+00
            0   1.1091e-01   2.2184e-01   3.3282e-01   4.4386e-01   5.5497e-01   6.6615e-01   7.7740e-01   8.8869e-01   1.0000e+00
            0   1.1092e-01   2.2186e-01   3.3285e-01   4.4389e-01   5.5500e-01   6.6618e-01   7.7742e-01   8.8870e-01   1.0000e+00
            0   1.1093e-01   2.2188e-01   3.3288e-01   4.4392e-01   5.5504e-01   6.6621e-01   7.7744e-01   8.8871e-01   1.0000e+00
            0   1.1094e-01   2.2190e-01   3.3290e-01   4.4395e-01   5.5507e-01   6.6624e-01   7.7746e-01   8.8872e-01   1.0000e+00
            0   1.1095e-01   2.2192e-01   3.3293e-01   4.4398e-01   5.5509e-01   6.6626e-01   7.7748e-01   8.8873e-01   1.0000e+00
            0   1.1096e-01   2.2194e-01   3.3295e-01   4.4401e-01   5.5512e-01   6.6628e-01   7.7749e-01   8.8874e-01   1.0000e+00
            0   1.1097e-01   2.2195e-01   3.3297e-01   4.4403e-01   5.5514e-01   6.6631e-01   7.7751e-01   8.8875e-01   1.0000e+00
            0   1.1098e-01   2.2197e-01   3.3299e-01   4.4406e-01   5.5517e-01   6.6633e-01   7.7752e-01   8.8875e-01   1.0000e+00
            0   1.1098e-01   2.2198e-01   3.3301e-01   4.4408e-01   5.5519e-01   6.6635e-01   7.7754e-01   8.8876e-01   1.0000e+00
            0   1.1099e-01   2.2200e-01   3.3303e-01   4.4410e-01   5.5521e-01   6.6636e-01   7.7755e-01   8.8877e-01   1.0000e+00
            0   1.1100e-01   2.2201e-01   3.3305e-01   4.4412e-01   5.5523e-01   6.6638e-01   7.7757e-01   8.8878e-01   1.0000e+00
            0   1.1100e-01   2.2202e-01   3.3306e-01   4.4414e-01   5.5525e-01   6.6640e-01   7.7758e-01   8.8878e-01   1.0000e+00
            0   1.1101e-01   2.2203e-01   3.3308e-01   4.4416e-01   5.5527e-01   6.6641e-01   7.7759e-01   8.8879e-01   1.0000e+00
            0   1.1102e-01   2.2204e-01   3.3309e-01   4.4417e-01   5.5528e-01   6.6643e-01   7.7760e-01   8.8879e-01   1.0000e+00
            0   1.1102e-01   2.2205e-01   3.3311e-01   4.4419e-01   5.5530e-01   6.6644e-01   7.7761e-01   8.8880e-01   1.0000e+00
            0   1.1103e-01   2.2206e-01   3.3312e-01   4.4420e-01   5.5531e-01   6.6645e-01   7.7762e-01   8.8880e-01   1.0000e+00
            0   1.1103e-01   2.2207e-01   3.3313e-01   4.4422e-01   5.5533e-01   6.6647e-01   7.7763e-01   8.8881e-01   1.0000e+00
            0   1.1104e-01   2.2208e-01   3.3314e-01   4.4423e-01   5.5534e-01   6.6648e-01   7.7764e-01   8.8881e-01   1.0000e+00
            0   1.1104e-01   2.2209e-01   3.3315e-01   4.4424e-01   5.5535e-01   6.6649e-01   7.7764e-01   8.8882e-01   1.0000e+00
            0   1.1104e-01   2.2210e-01   3.3316e-01   4.4425e-01   5.5536e-01   6.6650e-01   7.7765e-01   8.8882e-01   1.0000e+00
            0   1.1105e-01   2.2210e-01   3.3317e-01   4.4426e-01   5.5537e-01   6.6651e-01   7.7766e-01   8.8883e-01   1.0000e+00
            0   1.1105e-01   2.2211e-01   3.3318e-01   4.4427e-01   5.5538e-01   6.6652e-01   7.7767e-01   8.8883e-01   1.0000e+00
            0   1.1106e-01   2.2212e-01   3.3319e-01   4.4428e-01   5.5539e-01   6.6653e-01   7.7767e-01   8.8883e-01   1.0000e+00
            0   1.1106e-01   2.2212e-01   3.3320e-01   4.4429e-01   5.5540e-01   6.6653e-01   7.7768e-01   8.8884e-01   1.0000e+00
            0   1.1106e-01   2.2213e-01   3.3321e-01   4.4430e-01   5.5541e-01   6.6654e-01   7.7768e-01   8.8884e-01   1.0000e+00
            0   1.1106e-01   2.2213e-01   3.3321e-01   4.4431e-01   5.5542e-01   6.6655e-01   7.7769e-01   8.8884e-01   1.0000e+00
            0   1.1107e-01   2.2214e-01   3.3322e-01   4.4432e-01   5.5543e-01   6.6655e-01   7.7769e-01   8.8884e-01   1.0000e+00
            0   1.1107e-01   2.2214e-01   3.3323e-01   4.4432e-01   5.5544e-01   6.6656e-01   7.7770e-01   8.8885e-01   1.0000e+00
            0   1.1107e-01   2.2215e-01   3.3323e-01   4.4433e-01   5.5544e-01   6.6657e-01   7.7770e-01   8.8885e-01   1.0000e+00
            0   1.1107e-01   2.2215e-01   3.3324e-01   4.4434e-01   5.5545e-01   6.6657e-01   7.7771e-01   8.8885e-01   1.0000e+00
            0   1.1108e-01   2.2216e-01   3.3324e-01   4.4434e-01   5.5545e-01   6.6658e-01   7.7771e-01   8.8885e-01   1.0000e+00
            0   1.1108e-01   2.2216e-01   3.3325e-01   4.4435e-01   5.5546e-01   6.6658e-01   7.7772e-01   8.8886e-01   1.0000e+00
            0   1.1108e-01   2.2216e-01   3.3325e-01   4.4435e-01   5.5547e-01   6.6659e-01   7.7772e-01   8.8886e-01   1.0000e+00
            0   1.1108e-01   2.2217e-01   3.3326e-01   4.4436e-01   5.5547e-01   6.6659e-01   7.7772e-01   8.8886e-01   1.0000e+00
            0   1.1108e-01   2.2217e-01   3.3326e-01   4.4436e-01   5.5548e-01   6.6660e-01   7.7773e-01   8.8886e-01   1.0000e+00
            0   1.1108e-01   2.2217e-01   3.3327e-01   4.4437e-01   5.5548e-01   6.6660e-01   7.7773e-01   8.8886e-01   1.0000e+00
            0   1.1109e-01   2.2218e-01   3.3327e-01   4.4437e-01   5.5548e-01   6.6660e-01   7.7773e-01   8.8886e-01   1.0000e+00
            0   1.1109e-01   2.2218e-01   3.3327e-01   4.4438e-01   5.5549e-01   6.6661e-01   7.7773e-01   8.8887e-01   1.0000e+00
            0   1.1109e-01   2.2218e-01   3.3328e-01   4.4438e-01   5.5549e-01   6.6661e-01   7.7774e-01   8.8887e-01   1.0000e+00
            0   1.1109e-01   2.2218e-01   3.3328e-01   4.4438e-01   5.5550e-01   6.6661e-01   7.7774e-01   8.8887e-01   1.0000e+00
            0   1.1109e-01   2.2219e-01   3.3328e-01   4.4439e-01   5.5550e-01   6.6662e-01   7.7774e-01   8.8887e-01   1.0000e+00
            0   1.1109e-01   2.2219e-01   3.3329e-01   4.4439e-01   5.5550e-01   6.6662e-01   7.7774e-01   8.8887e-01   1.0000e+00
            0   1.1109e-01   2.2219e-01   3.3329e-01   4.4439e-01   5.5551e-01   6.6662e-01   7.7775e-01   8.8887e-01   1.0000e+00
            0   1.1109e-01   2.2219e-01   3.3329e-01   4.4440e-01   5.5551e-01   6.6663e-01   7.7775e-01   8.8887e-01   1.0000e+00
            0   1.1110e-01   2.2219e-01   3.3329e-01   4.4440e-01   5.5551e-01   6.6663e-01   7.7775e-01   8.8887e-01   1.0000e+00
            0   1.1110e-01   2.2219e-01   3.3330e-01   4.4440e-01   5.5551e-01   6.6663e-01   7.7775e-01   8.8887e-01   1.0000e+00
            0   1.1110e-01   2.2220e-01   3.3330e-01   4.4440e-01   5.5552e-01   6.6663e-01   7.7775e-01   8.8888e-01   1.0000e+00
            0   1.1110e-01   2.2220e-01   3.3330e-01   4.4441e-01   5.5552e-01   6.6663e-01   7.7775e-01   8.8888e-01   1.0000e+00
            0   1.1110e-01   2.2220e-01   3.3330e-01   4.4441e-01   5.5552e-01   6.6664e-01   7.7775e-01   8.8888e-01   1.0000e+00
            0   1.1110e-01   2.2220e-01   3.3330e-01   4.4441e-01   5.5552e-01   6.6664e-01   7.7776e-01   8.8888e-01   1.0000e+00
            0   1.1110e-01   2.2220e-01   3.3331e-01   4.4441e-01   5.5552e-01   6.6664e-01   7.7776e-01   8.8888e-01   1.0000e+00
            0   1.1110e-01   2.2220e-01   3.3331e-01   4.4441e-01   5.5553e-01   6.6664e-01   7.7776e-01   8.8888e-01   1.0000e+00
            0   1.1110e-01   2.2220e-01   3.3331e-01   4.4442e-01   5.5553e-01   6.6664e-01   7.7776e-01   8.8888e-01   1.0000e+00
            0   1.1110e-01   2.2221e-01   3.3331e-01   4.4442e-01   5.5553e-01   6.6664e-01   7.7776e-01   8.8888e-01   1.0000e+00
            0   1.1110e-01   2.2221e-01   3.3331e-01   4.4442e-01   5.5553e-01   6.6664e-01   7.7776e-01   8.8888e-01   1.0000e+00
            0   1.1110e-01   2.2221e-01   3.3331e-01   4.4442e-01   5.5553e-01   6.6665e-01   7.7776e-01   8.8888e-01   1.0000e+00
            0   1.1110e-01   2.2221e-01   3.3331e-01   4.4442e-01   5.5553e-01   6.6665e-01   7.7776e-01   8.8888e-01   1.0000e+00
            0   1.1110e-01   2.2221e-01   3.3332e-01   4.4442e-01   5.5553e-01   6.6665e-01   7.7776e-01   8.8888e-01   1.0000e+00
            0   1.1110e-01   2.2221e-01   3.3332e-01   4.4442e-01   5.5554e-01   6.6665e-01   7.7777e-01   8.8888e-01   1.0000e+00
            0   1.1110e-01   2.2221e-01   3.3332e-01   4.4443e-01   5.5554e-01   6.6665e-01   7.7777e-01   8.8888e-01   1.0000e+00
            0   1.1111e-01   2.2221e-01   3.3332e-01   4.4443e-01   5.5554e-01   6.6665e-01   7.7777e-01   8.8888e-01   1.0000e+00
            0   1.1111e-01   2.2221e-01   3.3332e-01   4.4443e-01   5.5554e-01   6.6665e-01   7.7777e-01   8.8888e-01   1.0000e+00
            0   1.1111e-01   2.2221e-01   3.3332e-01   4.4443e-01   5.5554e-01   6.6665e-01   7.7777e-01   8.8888e-01   1.0000e+00
            0   1.1111e-01   2.2221e-01   3.3332e-01   4.4443e-01   5.5554e-01   6.6665e-01   7.7777e-01   8.8888e-01   1.0000e+00
            0   1.1111e-01   2.2221e-01   3.3332e-01   4.4443e-01   5.5554e-01   6.6665e-01   7.7777e-01   8.8888e-01   1.0000e+00
            0   1.1111e-01   2.2221e-01   3.3332e-01   4.4443e-01   5.5554e-01   6.6666e-01   7.7777e-01   8.8888e-01   1.0000e+00
            0   1.1111e-01   2.2221e-01   3.3332e-01   4.4443e-01   5.5554e-01   6.6666e-01   7.7777e-01   8.8888e-01   1.0000e+00
            0   1.1111e-01   2.2221e-01   3.3332e-01   4.4443e-01   5.5554e-01   6.6666e-01   7.7777e-01   8.8888e-01   1.0000e+00
            0   1.1111e-01   2.2222e-01   3.3332e-01   4.4443e-01   5.5554e-01   6.6666e-01   7.7777e-01   8.8889e-01   1.0000e+00
            0   1.1111e-01   2.2222e-01   3.3332e-01   4.4443e-01   5.5555e-01   6.6666e-01   7.7777e-01   8.8889e-01   1.0000e+00
            0   1.1111e-01   2.2222e-01   3.3332e-01   4.4443e-01   5.5555e-01   6.6666e-01   7.7777e-01   8.8889e-01   1.0000e+00
            0   1.1111e-01   2.2222e-01   3.3333e-01   4.4444e-01   5.5555e-01   6.6666e-01   7.7777e-01   8.8889e-01   1.0000e+00
            0   1.1111e-01   2.2222e-01   3.3333e-01   4.4444e-01   5.5555e-01   6.6666e-01   7.7777e-01   8.8889e-01   1.0000e+00
            0   1.1111e-01   2.2222e-01   3.3333e-01   4.4444e-01   5.5555e-01   6.6666e-01   7.7777e-01   8.8889e-01   1.0000e+00
            0   1.1111e-01   2.2222e-01   3.3333e-01   4.4444e-01   5.5555e-01   6.6666e-01   7.7777e-01   8.8889e-01   1.0000e+00
            0   1.1111e-01   2.2222e-01   3.3333e-01   4.4444e-01   5.5555e-01   6.6666e-01   7.7777e-01   8.8889e-01   1.0000e+00
            0   1.1111e-01   2.2222e-01   3.3333e-01   4.4444e-01   5.5555e-01   6.6666e-01   7.7777e-01   8.8889e-01   1.0000e+00
            0   1.1111e-01   2.2222e-01   3.3333e-01   4.4444e-01   5.5555e-01   6.6666e-01   7.7777e-01   8.8889e-01   1.0000e+00
            0   1.1111e-01   2.2222e-01   3.3333e-01   4.4444e-01   5.5555e-01   6.6666e-01   7.7777e-01   8.8889e-01   1.0000e+00
            0   1.1111e-01   2.2222e-01   3.3333e-01   4.4444e-01   5.5555e-01   6.6666e-01   7.7777e-01   8.8889e-01   1.0000e+00
            0   1.1111e-01   2.2222e-01   3.3333e-01   4.4444e-01   5.5555e-01   6.6666e-01   7.7777e-01   8.8889e-01   1.0000e+00
            0   1.1111e-01   2.2222e-01   3.3333e-01   4.4444e-01   5.5555e-01   6.6666e-01   7.7777e-01   8.8889e-01   1.0000e+00
