            0            0            0            0            0            0            0            0            0   1.0000e+00
            0   1.4576e-06   8.7457e-06   5.1017e-05   2.9735e-04   1.7331e-03   1.0101e-02   5.8875e-02   3.4315e-01   1.0000e+00
            0   1.6366e-05   8.6535e-05   4.3288e-04   2.1026e-03   9.8039e-03   4.2856e-02   1.6652e-01   4.8528e-01   1.0000e+00
            0   8.9062e-05   4.1510e-04   1.7793e-03   7.2055e-03   2.7012e-02   9.0299e-02   2.5274e-01   5.6497e-01   1.0000e+00
            0   3.1693e-04   1.3084e-03   4.8347e-03   1.6520e-02   5.1086e-02   1.3847e-01   3.1937e-01   6.1701e-01   1.0000e+00
            0   8.4131e-04   3.1057e-03   1.0024e-02   2.9543e-02   7.8272e-02   1.8293e-01   3.7189e-01   6.5421e-01   1.0000e+00
            0   1.8034e-03   6.0320e-03   1.7312e-02   4.5141e-02   1.0615e-01   2.2275e-01   4.1435e-01   6.8245e-01   1.0000e+00
            0   3.2965e-03   1.0140e-02   2.6366e-02   6.2258e-02   1.3343e-01   2.5815e-01   4.4948e-01   7.0479e-01   1.0000e+00
            0   5.3458e-03   1.5342e-02   3.6761e-02   8.0097e-02   1.5950e-01   2.8964e-01   4.7909e-01   7.2302e-01   1.0000e+00
            0   7.9165e-03   2.1466e-02   4.8089e-02   9.8107e-02   1.8410e-01   3.1774e-01   5.0448e-01   7.3827e-01   1.0000e+00
            0   1.0935e-02   2.8312e-02   5.9998e-02   1.1593e-01   2.0715e-01   3.4296e-01   5.2653e-01   7.5126e-01   1.0000e+00
            0   1.4310e-02   3.5679e-02   7.2205e-02   1.3332e-01   2.2870e-01   3.6570e-01   5.4591e-01   7.6249e-01   1.0000e+00
            0   1.7947e-02   4.3385e-02   8.4489e-02   1.5014e-01   2.4881e-01   3.8632e-01   5.6311e-01   7.7233e-01   1.0000e+00
            0   2.1759e-02   5.1274e-02   9.6681e-02   1.6631e-01   2.6759e-01   4.0511e-01   5.7851e-01   7.8105e-01   1.0000e+00
            0   2.5668e-02   5.9219e-02   1.0866e-01   1.8178e-01   2.8511e-01   4.2230e-01   5.9238e-01   7.8883e-01   1.0000e+00
            0   2.9612e-02   6.7116e-02   1.2032e-01   1.9652e-01   3.0149e-01   4.3809e-01   6.0497e-01   7.9584e-01   1.0000e+00
            0   3.3538e-02   7.4888e-02   1.3162e-01   2.1054e-01   3.1680e-01   4.5265e-01   6.1645e-01   8.0218e-01   1.0000e+00
            0   3.7406e-02   8.2473e-02   1.4250e-01   2.2385e-01   3.3112e-01   4.6611e-01   6.2697e-01   8.0796e-01   1.0000e+00
            0   4.1186e-02   8.9829e-02   1.5294e-01   2.3647e-01   3.4454e-01   4.7858e-01   6.3664e-01   8.1326e-01   1.0000e+00
            0   4.4854e-02   9.6926e-02   1.6292e-01   2.4841e-01   3.5712e-01   4.9017e-01   6.4557e-01   8.1812e-01   1.0000e+00
            0   4.8396e-02   1.0374e-01   1.7244e-01   2.5970e-01   3.6891e-01   5.0096e-01   6.5383e-01   8.2261e-01   1.0000e+00
            0   5.1801e-02   1.1027e-01   1.8149e-01   2.7037e-01   3.7998e-01   5.1103e-01   6.6150e-01   8.2676e-01   1.0000e+00
            0   5.5061e-02   1.1650e-01   1.9009e-01   2.8045e-01   3.9037e-01   5.2042e-01   6.6864e-01   8.3061e-01   1.0000e+00
            0   5.8175e-02   1.2243e-01   1.9825e-01   2.8996e-01   4.0013e-01   5.2921e-01   6.7529e-01   8.3419e-01   1.0000e+00
            0   6.1142e-02   1.2807e-01   2.0598e-01   2.9893e-01   4.0930e-01   5.3744e-01   6.8149e-01   8.3753e-01   1.0000e+00
            0   6.3962e-02   1.3342e-01   2.1330e-01   3.0739e-01   4.1792e-01   5.4515e-01   6.8729e-01   8.4064e-01   1.0000e+00
            0   6.6639e-02   1.3849e-01   2.2021e-01   3.1537e-01   4.2602e-01   5.5237e-01   6.9271e-01   8.4355e-01   1.0000e+00
            0   6.9177e-02   1.4329e-01   2.2675e-01   3.2289e-01   4.3364e-01   5.5915e-01   6.9779e-01   8.4627e-01   1.0000e+00
            0   7.1580e-02   1.4783e-01   2.3292e-01   3.2998e-01   4.4080e-01   5.6552e-01   7.0256e-01   8.4881e-01   1.0000e+00
            0   7.3853e-02   1.5213e-01   2.3874e-01   3.3666e-01   4.4754e-01   5.7149e-01   7.0702e-01   8.5120e-01   1.0000e+00
            0   7.6002e-02   1.5618e-01   2.4423e-01   3.4295e-01   4.5388e-01   5.7711e-01   7.1121e-01   8.5344e-01   1.0000e+00
            0   7.8032e-02   1.6001e-01   2.4941e-01   3.4888e-01   4.5985e-01   5.8239e-01   7.1515e-01   8.5554e-01   1.0000e+00
            0   7.9948e-02   1.6362e-01   2.5430e-01   3.5446e-01   4.6546e-01   5.8735e-01   7.1885e-01   8.5751e-01   1.0000e+00
            0   8.1756e-02   1.6702e-01   2.5890e-01   3.5972e-01   4.7075e-01   5.9201e-01   7.2232e-01   8.5937e-01   1.0000e+00
            0   8.3462e-02   1.7024e-01   2.6325e-01   3.6468e-01   4.7572e-01   5.9640e-01   7.2559e-01   8.6111e-01   1.0000e+00
            0   8.5071e-02   1.7326e-01   2.6733e-01   3.6934e-01   4.8040e-01   6.0053e-01   7.2866e-01   8.6274e-01   1.0000e+00
            0   8.6587e-02   1.7612e-01   2.7119e-01   3.7373e-01   4.8480e-01   6.0441e-01   7.3155e-01   8.6428e-01   1.0000e+00
            0   8.8017e-02   1.7881e-01   2.7482e-01   3.7787e-01   4.8895e-01   6.0806e-01   7.3426e-01   8.6573e-01   1.0000e+00
            0   8.9364e-02   1.8134e-01   2.7824e-01   3.8176e-01   4.9285e-01   6.1150e-01   7.3682e-01   8.6709e-01   1.0000e+00
            0   9.0633e-02   1.8373e-01   2.8146e-01   3.8543e-01   4.9652e-01   6.1473e-01   7.3922e-01   8.6837e-01   1.0000e+00
            0   9.1829e-02   1.8598e-01   2.8449e-01   3.8888e-01   4.9998e-01   6.1778e-01   7.4148e-01   8.6957e-01   1.0000e+00
            0   9.2955e-02   1.8810e-01   2.8735e-01   3.9214e-01   5.0323e-01   6.2064e-01   7.4361e-01   8.7071e-01   1.0000e+00
            0   9.4016e-02   1.9009e-01   2.9004e-01   3.9520e-01   5.0630e-01   6.2334e-01   7.4562e-01   8.7177e-01   1.0000e+00
            0   9.5015e-02   1.9197e-01   2.9257e-01   3.9808e-01   5.0918e-01   6.2588e-01   7.4750e-01   8.7278e-01   1.0000e+00
            0   9.5956e-02   1.9374e-01   2.9495e-01   4.0079e-01   5.1190e-01   6.2827e-01   7.4927e-01   8.7372e-01   1.0000e+00
            0   9.6843e-02   1.9540e-01   2.9720e-01   4.0335e-01   5.1445e-01   6.3052e-01   7.5094e-01   8.7461e-01   1.0000e+00
            0   9.7677e-02   1.9697e-01   2.9931e-01   4.0575e-01   5.1686e-01   6.3264e-01   7.5252e-01   8.7545e-01   1.0000e+00
            0   9.8463e-02   1.9845e-01   3.0130e-01   4.0802e-01   5.1913e-01   6.3463e-01   7.5400e-01   8.7623e-01   1.0000e+00
            0   9.9203e-02   1.9984e-01   3.0318e-01   4.1015e-01   5.2126e-01   6.3650e-01   7.5539e-01   8.7698e-01   1.0000e+00
            0   9.9900e-02   2.0115e-01   3.0494e-01   4.1216e-01   5.2327e-01   6.3827e-01   7.5670e-01   8.7767e-01   1.0000e+00
            0   1.0056e-01   2.0238e-01   3.0660e-01   4.1405e-01   5.2516e-01   6.3993e-01   7.5793e-01   8.7833e-01   1.0000e+00
            0   1.0117e-01   2.0355e-01   3.0817e-01   4.1583e-01   5.2694e-01   6.4150e-01   7.5910e-01   8.7895e-01   1.0000e+00
            0   1.0176e-01   2.0464e-01   3.0964e-01   4.1750e-01   5.2861e-01   6.4297e-01   7.6019e-01   8.7953e-01   1.0000e+00
            0   1.0230e-01   2.0567e-01   3.1103e-01   4.1908e-01   5.3019e-01   6.4436e-01   7.6122e-01   8.8008e-01   1.0000e+00
            0   1.0282e-01   2.0664e-01   3.1233e-01   4.2056e-01   5.3168e-01   6.4567e-01   7.6219e-01   8.8059e-01   1.0000e+00
            0   1.0330e-01   2.0755e-01   3.1356e-01   4.2196e-01   5.3307e-01   6.4690e-01   7.6310e-01   8.8108e-01   1.0000e+00
            0   1.0376e-01   2.0841e-01   3.1472e-01   4.2328e-01   5.3439e-01   6.4805e-01   7.6396e-01   8.8154e-01   1.0000e+00
            0   1.0419e-01   2.0922e-01   3.1581e-01   4.2452e-01   5.3563e-01   6.4914e-01   7.6477e-01   8.8197e-01   1.0000e+00
            0   1.0460e-01   2.0998e-01   3.1684e-01   4.2568e-01   5.3680e-01   6.5017e-01   7.6553e-01   8.8237e-01   1.0000e+00
            0   1.0498e-01   2.1069e-01   3.1780e-01   4.2678e-01   5.3789e-01   6.5113e-01   7.6625e-01   8.8275e-01   1.0000e+00
            0   1.0534e-01   2.1137e-01   3.1871e-01   4.2782e-01   5.3893e-01   6.5204e-01   7.6692e-01   8.8311e-01   1.0000e+00
            0   1.0567e-01   2.1200e-01   3.1957e-01   4.2879e-01   5.3990e-01   6.5290e-01   7.6756e-01   8.8345e-01   1.0000e+00
            0   1.0599e-01   2.1260e-01   3.2037e-01   4.2971e-01   5.4082e-01   6.5371e-01   7.6816e-01   8.8377e-01   1.0000e+00
            0   1.0629e-01   2.1317e-01   3.2113e-01   4.3057e-01   5.4168e-01   6.5446e-01   7.6872e-01   8.8407e-01   1.0000e+00
            0   1.0657e-01   2.1370e-01   3.2185e-01   4.3138e-01   5.4249e-01   6.5518e-01   7.6925e-01   8.8435e-01   1.0000e+00
            0   1.0684e-01   2.1420e-01   3.2252e-01   4.3215e-01   5.4326e-01   6.5585e-01   7.6975e-01   8.8462e-01   1.0000e+00
            0   1.0709e-01   2.1467e-01   3.2315e-01   4.3287e-01   5.4398e-01   6.5648e-01   7.7022e-01   8.8487e-01   1.0000e+00
            0   1.0733e-01   2.1511e-01   3.2375e-01   4.3354e-01   5.4465e-01   6.5708e-01   7.7066e-01   8.8510e-01   1.0000e+00
            0   1.0755e-01   2.1552e-01   3.2431e-01   4.3418e-01   5.4529e-01   6.5764e-01   7.7108e-01   8.8532e-01   1.0000e+00
            0   1.0776e-01   2.1592e-01   3.2484e-01   4.3478e-01   5.4589e-01   6.5817e-01   7.7147e-01   8.8553e-01   1.0000e+00
            0   1.0795e-01   2.1629e-01   3.2533e-01   4.3535e-01   5.4646e-01   6.5867e-01   7.7184e-01   8.8573e-01   1.0000e+00
            0   1.0814e-01   2.1663e-01   3.2580e-01   4.3588e-01   5.4699e-01   6.5914e-01   7.7219e-01   8.8591e-01   1.0000e+00
            0   1.0831e-01   2.1696e-01   3.2624e-01   4.3638e-01   5.4749e-01   6.5958e-01   7.7252e-01   8.8609e-01   1.0000e+00
            0   1.0848e-01   2.1727e-01   3.2666e-01   4.3685e-01   5.4797e-01   6.5999e-01   7.7282e-01   8.8625e-01   1.0000e+00
            0   1.0863e-01   2.1756e-01   3.2705e-01   4.3730e-01   5.4841e-01   6.6038e-01   7.7311e-01   8.8641e-01   1.0000e+00
            0   1.0877e-01   2.1783e-01   3.2742e-01   4.3772e-01   5.4883e-01   6.6075e-01   7.7339e-01   8.8655e-01   1.0000e+00
            0   1.0891e-01   2.1809e-01   3.2776e-01   4.3811e-01   5.4922e-01   6.6110e-01   7.7364e-01   8.8669e-01   1.0000e+00
            0   1.0904e-01   2.1833e-01   3.2809e-01   4.3848e-01   5.4959e-01   6.6142e-01   7.7389e-01   8.8682e-01   1.0000e+00
            0   1.0916e-01   2.1856e-01   3.2840e-01   4.3883e-01   5.4994e-01   6.6173e-01   7.7411e-01   8.8694e-01   1.0000e+00
            0   1.0928e-01   2.1877e-01   3.2869e-01   4.3916e-01   5.5027e-01   6.6202e-01   7.7433e-01   8.8705e-01   1.0000e+00
            0   1.0938e-01   2.1897e-01   3.2896e-01   4.3947e-01   5.5058e-01   6.6229e-01   7.7453e-01   8.8716e-01   1.0000e+00
            0   1.0948e-01   2.1916e-01   3.2921e-01   4.3976e-01   5.5087e-01   6.6255e-01   7.7472e-01   8.8726e-01   1.0000e+00
            0   1.0958e-01   2.1934e-01   3.2946e-01   4.4003e-01   5.5115e-01   6.6279e-01   7.7490e-01   8.8736e-01   1.0000e+00
            0   1.0967e-01   2.1951e-01   3.2968e-01   4.4029e-01   5.5140e-01   6.6302e-01   7.7507e-01   8.8745e-01   1.0000e+00
            0   1.0975e-01   2.1967e-01   3.2990e-01   4.4054e-01   5.5165e-01   6.6323e-01   7.7523e-01   8.8753e-01   1.0000e+00
            0   1.0983e-01   2.1982e-01   3.3010e-01   4.4076e-01   5.5188e-01   6.6343e-01   7.7538e-01   8.8761e-01   1.0000e+00
            0   1.0991e-01   2.1996e-01   3.3029e-01   4.4098e-01   5.5209e-01   6.6362e-01   7.7552e-01   8.8769e-01   1.0000e+00
            0   1.0998e-01   2.2009e-01   3.3046e-01   4.4118e-01   5.5229e-01   6.6380e-01   7.7565e-01   8.8776e-01   1.0000e+00
            0   1.1004e-01   2.2022e-01   3.3063e-01   4.4137e-01   5.5248e-01   6.6397e-01   7.7577e-01   8.8782e-01   1.0000e+00
            0   1.1011e-01   2.2034e-01   3.3079e-01   4.4155e-01   5.5266e-01   6.6412e-01   7.7589e-01   8.8788e-01   1.0000e+00
            0   1.1017e-01   2.2045e-01   3.3094e-01   4.4172e-01   5.5283e-01   6.6427e-01   7.7600e-01   8.8794e-01   1.0000e+00
            0   1.1022e-01   2.2055e-01   3.3108e-01   4.4188e-01   5.5299e-01   6.6441e-01   7.7611e-01   8.8800e-01   1.0000e+00
            0   1.1027e-01   2.2065e-01   3.3121e-01   4.4203e-01   5.5314e-01   6.6455e-01   7.7620e-01   8.8805e-01   1.0000e+00
            0   1.1032e-01   2.2074e-01   3.3134e-01   4.4217e-01   5.5328e-01   6.6467e-01   7.7630e-01   8.8810e-01   1.0000e+00
            0   1.1037e-01   2.2083e-01   3.3145e-01   4.4231e-01   5.5342e-01   6.6479e-01   7.7638e-01   8.8815e-01   1.0000e+00
            0   1.1041e-01   2.2091e-01   3.3156e-01   4.4243e-01   5.5354e-01   6.6490e-01   7.7646e-01   8.8819e-01   1.0000e+00
            0   1.1045e-01   2.2099e-01   3.3167e-01   4.4255e-01   5.5366e-01   6.6500e-01   7.7654e-01   8.8823e-01   1.0000e+00
            0   1.1049e-01   2.2106e-01   3.3176e-01   4.4266e-01   5.5377e-01   6.6510e-01   7.7661e-01   8.8827e-01   1.0000e+00
            0   1.1053e-01   2.2113e-01   3.3186e-01   4.4276e-01   5.5388e-01   6.6519e-01   7.7668e-01   8.8831e-01   1.0000e+00
            0   1.1056e-01   2.2119e-01   3.3194e-01   4.4286e-01   5.5397e-01   6.6528e-01   7.7675e-01   8.8834e-01   1.0000e+00
            0   1.1059e-01   2.2125e-01   3.3202e-01   4.4296e-01   5.5407e-01   6.6536e-01   7.7681e-01   8.8837e-01   1.0000e+00
            0   1.1062e-01   2.2131e-01   3.3210e-01   4.4304e-01   5.5415e-01   6.6543e-01   7.7686e-01   8.8840e-01   1.0000e+00
            0   1.1065e-01   2.2136e-01   3.3217e-01   4.4312e-01   5.5424e-01   6.6551e-01   7.7692e-01   8.8843e-01   1.0000e+00
            0   1.1068e-01   2.2141e-01   3.3224e-01   4.4320e-01   5.5431e-01   6.6557e-01   7.7697e-01   8.8846e-01   1.0000e+00
            0   1.1070e-01   2.2146e-01   3.3230e-01   4.4327e-01   5.5439e-01   6.6564e-01   7.7701e-01   8.8848e-01   1.0000e+00
            0   1.1073e-01   2.2150e-01   3.3236e-01   4.4334e-01   5.5445e-01   6.6570e-01   7.7706e-01   8.8851e-01   1.0000e+00
            0   1.1075e-01   2.2155e-01   3.3242e-01   4.4341e-01   5.5452e-01   6.6575e-01   7.7710e-01   8.8853e-01   1.0000e+00
            0   1.1077e-01   2.2159e-01   3.3247e-01   4.4347e-01   5.5458e-01   6.6581e-01   7.7714e-01   8.8855e-01   1.0000e+00
            0   1.1079e-01   2.2162e-01   3.3253e-01   4.4353e-01   5.5464e-01   6.6586e-01   7.7718e-01   8.8857e-01   1.0000e+00
            0   1.1081e-01   2.2166e-01   3.3257e-01   4.4358e-01   5.5469e-01   6.6591e-01   7.7721e-01   8.8859e-01   1.0000e+00
            0   1.1083e-01   2.2169e-01   3.3262e-01   4.4363e-01   5.5474e-01   6.6595e-01   7.7725e-01   8.8861e-01   1.0000e+00
            0   1.1084e-01   2.2172e-01   3.3266e-01   4.4368e-01   5.5479e-01   6.6599e-01   7.7728e-01   8.8862e-01   1.0000e+00
            0   1.1086e-01   2.2175e-01   3.3270e-01   4.4372e-01   5.5483e-01   6.6603e-01   7.7731e-01   8.8864e-01   1.0000e+00
            0   1.1088e-01   2.2178e-01   3.3274e-01   4.4376e-01   5.5488e-01   6.6607e-01   7.7733e-01   8.8865e-01   1.0000e+00
            0   1.1089e-01   2.2180e-01   3.3277e-01   4.4380e-01   5.5492e-01   6.6610e-01   7.7736e-01   8.8867e-01   1.0000e+00
            0   1.1090e-01   2.2183e-01   3.3280e-01   4.4384e-01   5.5495e-01   6.6614e-01   7.7738e-01   8.8868e-01   1.0000e+00
            0   1.1091e-01   2.2185e-01   3.3283e-01   4.4388e-01   5.5499e-01   6.6617e-01   7.7741e-01   8.8869e-01   1.0000e+00
            0   1.1093e-01   2.2187e-01   3.3286e-01   4.4391e-01   5.5502e-01   6.6620e-01   7.7743e-01   8.8870e-01   1.0000e+00
            0   1.1094e-01   2.2189e-01   3.3289e-01   4.4394e-01   5.5505e-01   6.6622e-01   7.7745e-01   8.8871e-01   1.0000e+00
            0   1.1095e-01   2.2191e-01   3.3292e-01   4.4397e-01   5.5508e-01   6.6625e-01   7.7747e-01   8.8872e-01   1.0000e+00
            0   1.1096e-01   2.2193e-01   3.3294e-01   4.4400e-01   5.5511e-01   6.6627e-01   7.7749e-01   8.8873e-01   1.0000e+00
            0   1.1097e-01   2.2195e-01   3.3296e-01   4.4402e-01   5.5514e-01   6.6630e-01   7.7750e-01   8.8874e-01   1.0000e+00
            0   1.1097e-01   2.2196e-01   3.3299e-01   4.4405e-01   5.5516e-01   6.6632e-01   7.7752e-01   8.8875e-01   1.0000e+00
            0   1.1098e-01   2.2198e-01   3.3301e-01   4.4407e-01   5.5518e-01   6.6634e-01   7.7754e-01   8.8876e-01   1.0000e+00
            0   1.1099e-01   2.2199e-01   3.3303e-01   4.4409e-01   5.5521e-01   6.6636e-01   7.7755e-01   8.8877e-01   1.0000e+00
            0   1.1100e-01   2.2201e-01   3.3304e-01   4.4411e-01   5.5523e-01   6.6638e-01   7.7756e-01   8.8877e-01   1.0000e+00
            0   1.1100e-01   2.2202e-01   3.3306e-01   4.4413e-01   5.5525e-01   6.6639e-01   7.7758e-01   8.8878e-01   1.0000e+00
            0   1.1101e-01   2.2203e-01   3.3308e-01   4.4415e-01   5.5526e-01   6.6641e-01   7.7759e-01   8.8879e-01   1.0000e+00
            0   1.1102e-01   2.2204e-01   3.3309e-01   4.4417e-01   5.5528e-01   6.6642e-01   7.7760e-01   8.8879e-01   1.0000e+00
            0   1.1102e-01   2.2205e-01   3.3311e-01   4.4419e-01   5.5530e-01   6.6644e-01   7.7761e-01   8.8880e-01   1.0000e+00
            0   1.1103e-01   2.2206e-01   3.3312e-01   4.4420e-01   5.5531e-01   6.6645e-01   7.7762e-01   8.8880e-01   1.0000e+00
            0   1.1103e-01   2.2207e-01   3.3313e-01   4.4421e-01   5.5533e-01   6.6646e-01   7.7763e-01   8.8881e-01   1.0000e+00
            0   1.1104e-01   2.2208e-01   3.3314e-01   4.4423e-01   5.5534e-01   6.6648e-01   7.7764e-01   8.8881e-01   1.0000e+00
            0   1.1104e-01   2.2209e-01   3.3315e-01   4.4424e-01   5.5535e-01   6.6649e-01   7.7765e-01   8.8882e-01   1.0000e+00
            0   1.1104e-01   2.2210e-01   3.3316e-01   4.4425e-01   5.5536e-01   6.6650e-01   7.7765e-01   8.8882e-01   1.0000e+00
            0   1.1105e-01   2.2210e-01   3.3317e-01   4.4426e-01   5.5538e-01   6.6651e-01   7.7766e-01   8.8883e-01   1.0000e+00
            0   1.1105e-01   2.2211e-01   3.3318e-01   4.4427e-01   5.5539e-01   6.6652e-01   7.7767e-01   8.8883e-01   1.0000e+00
            0   1.1106e-01   2.2212e-01   3.3319e-01   4.4428e-01   5.5540e-01   6.6653e-01   7.7767e-01   8.8883e-01   1.0000e+00
            0   1.1106e-01   2.2212e-01   3.3320e-01   4.4429e-01   5.5541e-01   6.6653e-01   7.7768e-01   8.8884e-01   1.0000e+00
            0   1.1106e-01   2.2213e-01   3.3321e-01   4.4430e-01   5.5541e-01   6.6654e-01   7.7769e-01   8.8884e-01   1.0000e+00
            0   1.1106e-01   2.2214e-01   3.3322e-01   4.4431e-01   5.5542e-01   6.6655e-01   7.7769e-01   8.8884e-01   1.0000e+00
            0   1.1107e-01   2.2214e-01   3.3322e-01   4.4432e-01   5.5543e-01   6.6656e-01   7.7770e-01   8.8885e-01   1.0000e+00
            0   1.1107e-01   2.2215e-01   3.3323e-01   4.4433e-01   5.5544e-01   6.6656e-01   7.7770e-01   8.8885e-01   1.0000e+00
            0   1.1107e-01   2.2215e-01   3.3324e-01   4.4433e-01   5.5544e-01   6.6657e-01   7.7771e-01   8.8885e-01   1.0000e+00
            0   1.1107e-01   2.2215e-01   3.3324e-01   4.4434e-01   5.5545e-01   6.6657e-01   7.7771e-01   8.8885e-01   1.0000e+00
            0   1.1108e-01   2.2216e-01   3.3325e-01   4.4435e-01   5.5546e-01   6.6658e-01   7.7771e-01   8.8885e-01   1.0000e+00
            0   1.1108e-01   2.2216e-01   3.3325e-01   4.4435e-01   5.5546e-01   6.6659e-01   7.7772e-01   8.8886e-01   1.0000e+00
            0   1.1108e-01   2.2217e-01   3.3326e-01   4.4436e-01   5.5547e-01   6.6659e-01   7.7772e-01   8.8886e-01   1.0000e+00
            0   1.1108e-01   2.2217e-01   3.3326e-01   4.4436e-01   5.5547e-01   6.6659e-01   7.7772e-01   8.8886e-01   1.0000e+00
            0   1.1108e-01   2.2217e-01   3.3327e-01   4.4437e-01   5.5548e-01   6.6660e-01   7.7773e-01   8.8886e-01   1.0000e+00
            0   1.1109e-01   2.2217e-01   3.3327e-01   4.4437e-01   5.5548e-01   6.6660e-01   7.7773e-01   8.8886e-01   1.0000e+00
            0   1.1109e-01   2.2218e-01   3.3327e-01   4.4438e-01   5.5549e-01   6.6661e-01   7.7773e-01   8.8887e-01   1.0000e+00
            0   1.1109e-01   2.2218e-01   3.3328e-01   4.4438e-01   5.5549e-01   6.6661e-01   7.7774e-01   8.8887e-01   1.0000e+00
            0   1.1109e-01   2.2218e-01   3.3328e-01   4.4438e-01   5.5549e-01   6.6661e-01   7.7774e-01   8.8887e-01   1.0000e+00
            0   1.1109e-01   2.2218e-01   3.3328e-01   4.4439e-01   5.5550e-01   6.6662e-01   7.7774e-01   8.8887e-01   1.0000e+00
            0   1.1109e-01   2.2219e-01   3.3329e-01   4.4439e-01   5.5550e-01   6.6662e-01   7.7774e-01   8.8887e-01   1.0000e+00
            0   1.1109e-01   2.2219e-01   3.3329e-01   4.4439e-01   5.5550e-01   6.6662e-01   7.7774e-01   8.8887e-01   1.0000e+00
            0   1.1109e-01   2.2219e-01   3.3329e-01   4.4440e-01   5.5551e-01   6.6662e-01   7.7775e-01   8.8887e-01   1.0000e+00
            0   1.1110e-01   2.2219e-01   3.3329e-01   4.4440e-01   5.5551e-01   6.6663e-01   7.7775e-01   8.8887e-01   1.0000e+00
            0   1.1110e-01   2.2219e-01   3.3330e-01   4.4440e-01   5.5551e-01   6.6663e-01   7.7775e-01   8.8887e-01   1.0000e+00
            0   1.1110e-01   2.2220e-01   3.3330e-01   4.4440e-01   5.5552e-01   6.6663e-01   7.7775e-01   8.8888e-01   1.0000e+00
            0   1.1110e-01   2.2220e-01   3.3330e-01   4.4441e-01   5.5552e-01   6.6663e-01   7.7775e-01   8.8888e-01   1.0000e+00
            0   1.1110e-01   2.2220e-01   3.3330e-01   4.4441e-01   5.5552e-01   6.6664e-01   7.7775e-01   8.8888e-01   1.0000e+00
            0   1.1110e-01   2.2220e-01   3.3330e-01   4.4441e-01   5.5552e-01   6.6664e-01   7.7776e-01   8.8888e-01   1.0000e+00
            0   1.1110e-01   2.2220e-01   3.3331e-01   4.4441e-01   5.5552e-01   6.6664e-01   7.7776e-01   8.8888e-01   1.0000e+00
            0   1.1110e-01   2.2220e-01   3.3331e-01   4.4441e-01   5.5553e-01   6.6664e-01   7.7776e-01   8.8888e-01   1.0000e+00
            0   1.1110e-01   2.2220e-01   3.3331e-01   4.4442e-01   5.5553e-01   6.6664e-01   7.7776e-01   8.8888e-01   1.0000e+00
            0   1.1110e-01   2.2221e-01   3.3331e-01   4.4442e-01   5.5553e-01   6.6664e-01   7.7776e-01   8.8888e-01   1.0000e+00
            0   1.1110e-01   2.2221e-01   3.3331e-01   4.4442e-01   5.5553e-01   6.6665e-01   7.7776e-01   8.8888e-01   1.0000e+00
            0   1.1110e-01   2.2221e-01   3.3331e-01   4.4442e-01   5.5553e-01   6.6665e-01   7.7776e-01   8.8888e-01   1.0000e+00
            0   1.1110e-01   2.2221e-01   3.3331e-01   4.4442e-01   5.5553e-01   6.6665e-01   7.7776e-01   8.8888e-01   1.0000e+00
            0   1.1110e-01   2.2221e-01   3.3332e-01   4.4442e-01   5.5554e-01   6.6665e-01   7.7776e-01   8.8888e-01   1.0000e+00
            0   1.1110e-01   2.2221e-01   3.3332e-01   4.4443e-01   5.5554e-01   6.6665e-01   7.7777e-01   8.8888e-01   1.0000e+00
            0   1.1110e-01   2.2221e-01   3.3332e-01   4.4443e-01   5.5554e-01   6.6665e-01   7.7777e-01   8.8888e-01   1.0000e+00
            0   1.1111e-01   2.2221e-01   3.3332e-01   4.4443e-01   5.5554e-01   6.6665e-01   7.7777e-01   8.8888e-01   1.0000e+00
            0   1.1111e-01   2.2221e-01   3.3332e-01   4.4443e-01   5.5554e-01   6.6665e-01   7.7777e-01   8.8888e-01   1.0000e+00
            0   1.1111e-01   2.2221e-01   3.3332e-01   4.4443e-01   5.5554e-01   6.6665e-01   7.7777e-01   8.8888e-01   1.0000e+00
            0   1.1111e-01   2.2221e-01   3.3332e-01   4.4443e-01   5.5554e-01   6.6665e-01   7.7777e-01   8.8888e-01   1.0000e+00
            0   1.1111e-01   2.2221e-01   3.3332e-01   4.4443e-01   5.5554e-01   6.6665e-01   7.7777e-01   8.8888e-01   1.0000e+00
            0   1.1111e-01   2.2221e-01   3.3332e-01   4.4443e-01   5.5554e-01   6.6666e-01   7.7777e-01   8.8888e-01   1.0000e+00
            0   1.1111e-01   2.2221e-01   3.3332e-01   4.4443e-01   5.5554e-01   6.6666e-01   7.7777e-01   8.8888e-01   1.0000e+00
            0   1.1111e-01   2.2221e-01   3.3332e-01   4.4443e-01   5.5554e-01   6.6666e-01   7.7777e-01   8.8888e-01   1.0000e+00
            0   1.1111e-01   2.2222e-01   3.3332e-01   4.4443e-01   5.5554e-01   6.6666e-01   7.7777e-01   8.8889e-01   1.0000e+00
            0   1.1111e-01   2.2222e-01   3.3332e-01   4.4443e-01   5.5555e-01   6.6666e-01   7.7777e-01   8.8889e-01   1.0000e+00
            0   1.1111e-01   2.2222e-01   3.3333e-01   4.4444e-01   5.5555e-01   6.6666e-01   7.7777e-01   8.8889e-01   1.0000e+00
            0   1.1111e-01   2.2222e-01   3.3333e-01   4.4444e-01   5.5555e-01   6.6666e-01   7.7777e-01   8.8889e-01   1.0000e+00
            0   1.1111e-01   2.2222e-01   3.3333e-01   4.4444e-01   5.5555e-01   6.6666e-01   7.7777e-01   8.8889e-01   1.0000e+00
            0   1.1111e-01   2.2222e-01   3.3333e-01   4.4444e-01   5.5555e-01   6.6666e-01   7.7777e-01   8.8889e-01   1.0000e+00
            0   1.1111e-01   2.2222e-01   3.3333e-01   4.4444e-01   5.5555e-01   6.6666e-01   7.7777e-01   8.8889e-01   1.0000e+00
            0   1.1111e-01   2.2222e-01   3.3333e-01   4.4444e-01   5.5555e-01   6.6666e-01   7.7777e-01   8.8889e-01   1.0000e+00
            0   1.1111e-01   2.2222e-01   3.3333e-01   4.4444e-01   5.5555e-01   6.6666e-01   7.7777e-01   8.8889e-01   1.0000e+00
            0   1.1111e-01   2.2222e-01   3.3333e-01   4.4444e-01   5.5555e-01   6.6666e-01   7.7777e-01   8.8889e-01   1.0000e+00
            0   1.1111e-01   2.2222e-01   3.3333e-01   4.4444e-01   5.5555e-01   6.6666e-01   7.7777e-01   8.8889e-01   1.0000e+00
            0   1.1111e-01   2.2222e-01   3.3333e-01   4.4444e-01   5.5555e-01   6.6666e-01   7.7777e-01   8.8889e-01   1.0000e+00
            0   1.1111e-01   2.2222e-01   3.3333e-01   4.4444e-01   5.5555e-01   6.6666e-01   7.7777e-01   8.8889e-01   1.0000e+00
            0   1.1111e-01   2.2222e-01   3.3333e-01   4.4444e-01   5.5555e-01   6.6666e-01   7.7777e-01   8.8889e-01   1.0000e+00
            0   1.1111e-01   2.2222e-01   3.3333e-01   4.4444e-01   5.5555e-01   6.6666e-01   7.7777e-01   8.8889e-01   1.0000e+00
            0   1.1111e-01   2.2222e-01   3.3333e-01   4.4444e-01   5.5555e-01   6.6666e-01   7.7777e-01   8.8889e-01   1.0000e+00
            0   1.1111e-01   2.2222e-01   3.3333e-01   4.4444e-01   5.5555e-01   6.6666e-01   7.7778e-01   8.8889e-01   1.0000e+00
            0   1.1111e-01   2.2222e-01   3.3333e-01   4.4444e-01   5.5555e-01   6.6666e-01   7.7778e-01   8.8889e-01   1.0000e+00
            0   1.1111e-01   2.2222e-01   3.3333e-01   4.4444e-01   5.5555e-01   6.6666e-01   7.7778e-01   8.8889e-01   1.0000e+00

