        0        0        0        0        0        0        0        0        0   1.0000
        0        0        0        0        0        0        0        0   0.5000   1.0000
        0        0        0        0        0        0        0   0.2500   0.5000   1.0000
        0        0        0        0        0        0   0.1250   0.2500   0.6250   1.0000
        0        0        0        0        0   0.0625   0.1250   0.3750   0.6250   1.0000
        0        0        0        0   0.0312   0.0625   0.2188   0.3750   0.6875   1.0000
        0        0        0   0.0156   0.0312   0.1250   0.2188   0.4531   0.6875   1.0000
        0        0   0.0078   0.0156   0.0703   0.1250   0.2891   0.4531   0.7266   1.0000
        0   0.0039   0.0078   0.0391   0.0703   0.1797   0.2891   0.5078   0.7266   1.0000
        0   0.0039   0.0215   0.0391   0.1094   0.1797   0.3438   0.5078   0.7539   1.0000
        0   0.0107   0.0215   0.0654   0.1094   0.2266   0.3438   0.5488   0.7539   1.0000
        0   0.0107   0.0381   0.0654   0.1460   0.2266   0.3877   0.5488   0.7744   1.0000
        0   0.0190   0.0381   0.0920   0.1460   0.2668   0.3877   0.5811   0.7744   1.0000
        0   0.0190   0.0555   0.0920   0.1794   0.2668   0.4240   0.5811   0.7905   1.0000
        0   0.0278   0.0555   0.1175   0.1794   0.3017   0.4240   0.6072   0.7905   1.0000
        0   0.0278   0.0726   0.1175   0.2096   0.3017   0.4545   0.6072   0.8036   1.0000
        0   0.0363   0.0726   0.1411   0.2096   0.3320   0.4545   0.6290   0.8036   1.0000
        0   0.0363   0.0887   0.1411   0.2366   0.3320   0.4805   0.6290   0.8145   1.0000
        0   0.0444   0.0887   0.1626   0.2366   0.3586   0.4805   0.6475   0.8145   1.0000
        0   0.0444   0.1035   0.1626   0.2606   0.3586   0.5030   0.6475   0.8238   1.0000
        0   0.0518   0.1035   0.1820   0.2606   0.3818   0.5030   0.6634   0.8238   1.0000
        0   0.0518   0.1169   0.1820   0.2819   0.3818   0.5226   0.6634   0.8317   1.0000
        0   0.0584   0.1169   0.1994   0.2819   0.4023   0.5226   0.6772   0.8317   1.0000
        0   0.0584   0.1289   0.1994   0.3008   0.4023   0.5397   0.6772   0.8386   1.0000
        0   0.0645   0.1289   0.2149   0.3008   0.4203   0.5397   0.6891   0.8386   1.0000
        0   0.0645   0.1397   0.2149   0.3176   0.4203   0.5547   0.6891   0.8446   1.0000
        0   0.0698   0.1397   0.2286   0.3176   0.4361   0.5547   0.6996   0.8446   1.0000
        0   0.0698   0.1492   0.2286   0.3324   0.4361   0.5679   0.6996   0.8498   1.0000
        0   0.0746   0.1492   0.2408   0.3324   0.4501   0.5679   0.7089   0.8498   1.0000
        0   0.0746   0.1577   0.2408   0.3455   0.4501   0.5795   0.7089   0.8544   1.0000
        0   0.0789   0.1577   0.2516   0.3455   0.4625   0.5795   0.7170   0.8544   1.0000
        0   0.0789   0.1652   0.2516   0.3570   0.4625   0.5897   0.7170   0.8585   1.0000
        0   0.0826   0.1652   0.2611   0.3570   0.4734   0.5897   0.7241   0.8585   1.0000
        0   0.0826   0.1719   0.2611   0.3673   0.4734   0.5987   0.7241   0.8621   1.0000
        0   0.0859   0.1719   0.2696   0.3673   0.4830   0.5987   0.7304   0.8621   1.0000
        0   0.0859   0.1778   0.2696   0.3763   0.4830   0.6067   0.7304   0.8652   1.0000
        0   0.0889   0.1778   0.2770   0.3763   0.4915   0.6067   0.7360   0.8652   1.0000
        0   0.0889   0.1829   0.2770   0.3843   0.4915   0.6137   0.7360   0.8680   1.0000
        0   0.0915   0.1829   0.2836   0.3843   0.4990   0.6137   0.7408   0.8680   1.0000
        0   0.0915   0.1875   0.2836   0.3913   0.4990   0.6199   0.7408   0.8704   1.0000
        0   0.0938   0.1875   0.2894   0.3913   0.5056   0.6199   0.7452   0.8704   1.0000
        0   0.0938   0.1916   0.2894   0.3975   0.5056   0.6254   0.7452   0.8726   1.0000
        0   0.0958   0.1916   0.2946   0.3975   0.5115   0.6254   0.7490   0.8726   1.0000
        0   0.0958   0.1952   0.2946   0.4030   0.5115   0.6302   0.7490   0.8745   1.0000
        0   0.0976   0.1952   0.2991   0.4030   0.5166   0.6302   0.7524   0.8745   1.0000
        0   0.0976   0.1983   0.2991   0.4078   0.5166   0.6345   0.7524   0.8762   1.0000
        0   0.0992   0.1983   0.3031   0.4078   0.5212   0.6345   0.7553   0.8762   1.0000
        0   0.0992   0.2011   0.3031   0.4121   0.5212   0.6382   0.7553   0.8777   1.0000
        0   0.1006   0.2011   0.3066   0.4121   0.5252   0.6382   0.7580   0.8777   1.0000
        0   0.1006   0.2036   0.3066   0.4159   0.5252   0.6416   0.7580   0.8790   1.0000
        0   0.1018   0.2036   0.3098   0.4159   0.5287   0.6416   0.7603   0.8790   1.0000
        0   0.1018   0.2058   0.3098   0.4192   0.5287   0.6445   0.7603   0.8801   1.0000
        0   0.1029   0.2058   0.3125   0.4192   0.5319   0.6445   0.7623   0.8801   1.0000
        0   0.1029   0.2077   0.3125   0.4222   0.5319   0.6471   0.7623   0.8812   1.0000
        0   0.1039   0.2077   0.3149   0.4222   0.5346   0.6471   0.7641   0.8812   1.0000
        0   0.1039   0.2094   0.3149   0.4248   0.5346   0.6494   0.7641   0.8821   1.0000
        0   0.1047   0.2094   0.3171   0.4248   0.5371   0.6494   0.7657   0.8821   1.0000
        0   0.1047   0.2109   0.3171   0.4271   0.5371   0.6514   0.7657   0.8829   1.0000
        0   0.1054   0.2109   0.3190   0.4271   0.5393   0.6514   0.7671   0.8829   1.0000
        0   0.1054   0.2122   0.3190   0.4291   0.5393   0.6532   0.7671   0.8836   1.0000
        0   0.1061   0.2122   0.3207   0.4291   0.5412   0.6532   0.7684   0.8836   1.0000
        0   0.1061   0.2134   0.3207   0.4309   0.5412   0.6548   0.7684   0.8842   1.0000
        0   0.1067   0.2134   0.3222   0.4309   0.5428   0.6548   0.7695   0.8842   1.0000
        0   0.1067   0.2144   0.3222   0.4325   0.5428   0.6562   0.7695   0.8847   1.0000
        0   0.1072   0.2144   0.3235   0.4325   0.5443   0.6562   0.7705   0.8847   1.0000
        0   0.1072   0.2153   0.3235   0.4339   0.5443   0.6574   0.7705   0.8852   1.0000
        0   0.1077   0.2153   0.3246   0.4339   0.5456   0.6574   0.7713   0.8852   1.0000
        0   0.1077   0.2161   0.3246   0.4351   0.5456   0.6585   0.7713   0.8857   1.0000
        0   0.1081   0.2161   0.3256   0.4351   0.5468   0.6585   0.7721   0.8857   1.0000
        0   0.1081   0.2169   0.3256   0.4362   0.5468   0.6594   0.7721   0.8860   1.0000
        0   0.1084   0.2169   0.3265   0.4362   0.5478   0.6594   0.7727   0.8860   1.0000
        0   0.1084   0.2175   0.3265   0.4372   0.5478   0.6603   0.7727   0.8864   1.0000
        0   0.1087   0.2175   0.3273   0.4372   0.5487   0.6603   0.7733   0.8864   1.0000
        0   0.1087   0.2180   0.3273   0.4380   0.5487   0.6610   0.7733   0.8867   1.0000
        0   0.1090   0.2180   0.3280   0.4380   0.5495   0.6610   0.7738   0.8867   1.0000
        0   0.1090   0.2185   0.3280   0.4388   0.5495   0.6617   0.7738   0.8869   1.0000
        0   0.1093   0.2185   0.3287   0.4388   0.5502   0.6617   0.7743   0.8869   1.0000
        0   0.1093   0.2190   0.3287   0.4394   0.5502   0.6623   0.7743   0.8872   1.0000
        0   0.1095   0.2190   0.3292   0.4394   0.5509   0.6623   0.7747   0.8872   1.0000
        0   0.1095   0.2193   0.3292   0.4400   0.5509   0.6628   0.7747   0.8874   1.0000
        0   0.1097   0.2193   0.3297   0.4400   0.5514   0.6628   0.7751   0.8874   1.0000
        0   0.1097   0.2197   0.3297   0.4405   0.5514   0.6632   0.7751   0.8875   1.0000
        0   0.1098   0.2197   0.3301   0.4405   0.5519   0.6632   0.7754   0.8875   1.0000
        0   0.1098   0.2200   0.3301   0.4410   0.5519   0.6636   0.7754   0.8877   1.0000
        0   0.1100   0.2200   0.3305   0.4410   0.5523   0.6636   0.7757   0.8877   1.0000
        0   0.1100   0.2202   0.3305   0.4414   0.5523   0.6640   0.7757   0.8878   1.0000
        0   0.1101   0.2202   0.3308   0.4414   0.5527   0.6640   0.7759   0.8878   1.0000
        0   0.1101   0.2205   0.3308   0.4418   0.5527   0.6643   0.7759   0.8880   1.0000
        0   0.1102   0.2205   0.3311   0.4418   0.5530   0.6643   0.7761   0.8880   1.0000
        0   0.1102   0.2207   0.3311   0.4421   0.5530   0.6646   0.7761   0.8881   1.0000
        0   0.1103   0.2207   0.3314   0.4421   0.5533   0.6646   0.7763   0.8881   1.0000
        0   0.1103   0.2209   0.3314   0.4424   0.5533   0.6648   0.7763   0.8882   1.0000
        0   0.1104   0.2209   0.3316   0.4424   0.5536   0.6648   0.7765   0.8882   1.0000
        0   0.1104   0.2210   0.3316   0.4426   0.5536   0.6650   0.7765   0.8882   1.0000
        0   0.1105   0.2210   0.3318   0.4426   0.5538   0.6650   0.7766   0.8882   1.0000
        0   0.1105   0.2212   0.3318   0.4428   0.5538   0.6652   0.7766   0.8883   1.0000
        0   0.1106   0.2212   0.3320   0.4428   0.5540   0.6652   0.7768   0.8883   1.0000
        0   0.1106   0.2213   0.3320   0.4430   0.5540   0.6654   0.7768   0.8884   1.0000
        0   0.1106   0.2213   0.3321   0.4430   0.5542   0.6654   0.7769   0.8884   1.0000
        0   0.1106   0.2214   0.3321   0.4432   0.5542   0.6655   0.7769   0.8884   1.0000
        0   0.1107   0.2214   0.3323   0.4432   0.5544   0.6655   0.7770   0.8884   1.0000
        0   0.1107   0.2215   0.3323   0.4433   0.5544   0.6657   0.7770   0.8885   1.0000
        0   0.1107   0.2215   0.3324   0.4433   0.5545   0.6657   0.7771   0.8885   1.0000
        0   0.1107   0.2216   0.3324   0.4435   0.5545   0.6658   0.7771   0.8885   1.0000
        0   0.1108   0.2216   0.3325   0.4435   0.5546   0.6658   0.7772   0.8885   1.0000
        0   0.1108   0.2217   0.3325   0.4436   0.5546   0.6659   0.7772   0.8886   1.0000
        0   0.1108   0.2217   0.3326   0.4436   0.5547   0.6659   0.7772   0.8886   1.0000
        0   0.1108   0.2217   0.3326   0.4437   0.5547   0.6660   0.7772   0.8886   1.0000
        0   0.1109   0.2217   0.3327   0.4437   0.5548   0.6660   0.7773   0.8886   1.0000
        0   0.1109   0.2218   0.3327   0.4438   0.5548   0.6661   0.7773   0.8887   1.0000
        0   0.1109   0.2218   0.3328   0.4438   0.5549   0.6661   0.7774   0.8887   1.0000
        0   0.1109   0.2218   0.3328   0.4438   0.5549   0.6661   0.7774   0.8887   1.0000
        0   0.1109   0.2218   0.3328   0.4438   0.5550   0.6661   0.7774   0.8887   1.0000
        0   0.1109   0.2219   0.3328   0.4439   0.5550   0.6662   0.7774   0.8887   1.0000
        0   0.1109   0.2219   0.3329   0.4439   0.5551   0.6662   0.7775   0.8887   1.0000
        0   0.1109   0.2219   0.3329   0.4440   0.5551   0.6663   0.7775   0.8887   1.0000
        0   0.1110   0.2219   0.3329   0.4440   0.5551   0.6663   0.7775   0.8887   1.0000
        0   0.1110   0.2220   0.3329   0.4440   0.5551   0.6663   0.7775   0.8887   1.0000
        0   0.1110   0.2220   0.3330   0.4440   0.5552   0.6663   0.7775   0.8887   1.0000
        0   0.1110   0.2220   0.3330   0.4441   0.5552   0.6663   0.7775   0.8888   1.0000
        0   0.1110   0.2220   0.3330   0.4441   0.5552   0.6663   0.7776   0.8888   1.0000
        0   0.1110   0.2220   0.3330   0.4441   0.5552   0.6664   0.7776   0.8888   1.0000
        0   0.1110   0.2220   0.3331   0.4441   0.5553   0.6664   0.7776   0.8888   1.0000
        0   0.1110   0.2220   0.3331   0.4442   0.5553   0.6664   0.7776   0.8888   1.0000
        0   0.1110   0.2220   0.3331   0.4442   0.5553   0.6664   0.7776   0.8888   1.0000
        0   0.1110   0.2221   0.3331   0.4442   0.5553   0.6664   0.7776   0.8888   1.0000
        0   0.1110   0.2221   0.3331   0.4442   0.5553   0.6664   0.7776   0.8888   1.0000
        0   0.1110   0.2221   0.3331   0.4442   0.5553   0.6665   0.7776   0.8888   1.0000
        0   0.1110   0.2221   0.3331   0.4442   0.5553   0.6665   0.7776   0.8888   1.0000
        0   0.1110   0.2221   0.3331   0.4442   0.5553   0.6665   0.7776   0.8888   1.0000
        0   0.1110   0.2221   0.3332   0.4442   0.5554   0.6665   0.7777   0.8888   1.0000
        0   0.1110   0.2221   0.3332   0.4443   0.5554   0.6665   0.7777   0.8888   1.0000
        0   0.1111   0.2221   0.3332   0.4443   0.5554   0.6665   0.7777   0.8888   1.0000
        0   0.1111   0.2221   0.3332   0.4443   0.5554   0.6665   0.7777   0.8888   1.0000
        0   0.1111   0.2221   0.3332   0.4443   0.5554   0.6665   0.7777   0.8888   1.0000
        0   0.1111   0.2221   0.3332   0.4443   0.5554   0.6665   0.7777   0.8888   1.0000
        0   0.1111   0.2221   0.3332   0.4443   0.5554   0.6665   0.7777   0.8888   1.0000
        0   0.1111   0.2221   0.3332   0.4443   0.5554   0.6666   0.7777   0.8888   1.0000
        0   0.1111   0.2221   0.3332   0.4443   0.5554   0.6666   0.7777   0.8888   1.0000
        0   0.1111   0.2222   0.3332   0.4443   0.5554   0.6666   0.7777   0.8889   1.0000
        0   0.1111   0.2222   0.3332   0.4443   0.5555   0.6666   0.7777   0.8889   1.0000
        0   0.1111   0.2222   0.3332   0.4444   0.5555   0.6666   0.7777   0.8889   1.0000
        0   0.1111   0.2222   0.3333   0.4444   0.5555   0.6666   0.7777   0.8889   1.0000
        0   0.1111   0.2222   0.3333   0.4444   0.5555   0.6666   0.7777   0.8889   1.0000
        0   0.1111   0.2222   0.3333   0.4444   0.5555   0.6666   0.7777   0.8889   1.0000
        0   0.1111   0.2222   0.3333   0.4444   0.5555   0.6666   0.7777   0.8889   1.0000
        0   0.1111   0.2222   0.3333   0.4444   0.5555   0.6666   0.7777   0.8889   1.0000
        0   0.1111   0.2222   0.3333   0.4444   0.5555   0.6666   0.7777   0.8889   1.0000
        0   0.1111   0.2222   0.3333   0.4444   0.5555   0.6666   0.7777   0.8889   1.0000
        0   0.1111   0.2222   0.3333   0.4444   0.5555   0.6666   0.7777   0.8889   1.0000
        0   0.1111   0.2222   0.3333   0.4444   0.5555   0.6666   0.7777   0.8889   1.0000
        0   0.1111   0.2222   0.3333   0.4444   0.5555   0.6666   0.7777   0.8889   1.0000
        0   0.1111   0.2222   0.3333   0.4444   0.5555   0.6666   0.7777   0.8889   1.0000
        0   0.1111   0.2222   0.3333   0.4444   0.5555   0.6666   0.7777   0.8889   1.0000
        0   0.1111   0.2222   0.3333   0.4444   0.5555   0.6666   0.7778   0.8889   1.0000
        0   0.1111   0.2222   0.3333   0.4444   0.5555   0.6666   0.7778   0.8889   1.0000
        0   0.1111   0.2222   0.3333   0.4444   0.5555   0.6666   0.7778   0.8889   1.0000
        0   0.1111   0.2222   0.3333   0.4444   0.5555   0.6666   0.7778   0.8889   1.0000
        0   0.1111   0.2222   0.3333   0.4444   0.5555   0.6666   0.7778   0.8889   1.0000
        0   0.1111   0.2222   0.3333   0.4444   0.5555   0.6666   0.7778   0.8889   1.0000
        0   0.1111   0.2222   0.3333   0.4444   0.5555   0.6666   0.7778   0.8889   1.0000
        0   0.1111   0.2222   0.3333   0.4444   0.5555   0.6666   0.7778   0.8889   1.0000
        0   0.1111   0.2222   0.3333   0.4444   0.5555   0.6666   0.7778   0.8889   1.0000
        0   0.1111   0.2222   0.3333   0.4444   0.5555   0.6666   0.7778   0.8889   1.0000
        0   0.1111   0.2222   0.3333   0.4444   0.5555   0.6666   0.7778   0.8889   1.0000
        0   0.1111   0.2222   0.3333   0.4444   0.5555   0.6666   0.7778   0.8889   1.0000
        0   0.1111   0.2222   0.3333   0.4444   0.5555   0.6666   0.7778   0.8889   1.0000
        0   0.1111   0.2222   0.3333   0.4444   0.5555   0.6667   0.7778   0.8889   1.0000
        0   0.1111   0.2222   0.3333   0.4444   0.5555   0.6667   0.7778   0.8889   1.0000
        0   0.1111   0.2222   0.3333   0.4444   0.5555   0.6667   0.7778   0.8889   1.0000
        0   0.1111   0.2222   0.3333   0.4444   0.5555   0.6667   0.7778   0.8889   1.0000
        0   0.1111   0.2222   0.3333   0.4444   0.5555   0.6667   0.7778   0.8889   1.0000
        0   0.1111   0.2222   0.3333   0.4444   0.5555   0.6667   0.7778   0.8889   1.0000
        0   0.1111   0.2222   0.3333   0.4444   0.5555   0.6667   0.7778   0.8889   1.0000
        0   0.1111   0.2222   0.3333   0.4444   0.5555   0.6667   0.7778   0.8889   1.0000
        0   0.1111   0.2222   0.3333   0.4444   0.5555   0.6667   0.7778   0.8889   1.0000
        0   0.1111   0.2222   0.3333   0.4444   0.5555   0.6667   0.7778   0.8889   1.0000
        0   0.1111   0.2222   0.3333   0.4444   0.5555   0.6667   0.7778   0.8889   1.0000
        0   0.1111   0.2222   0.3333   0.4444   0.5555   0.6667   0.7778   0.8889   1.0000
        0   0.1111   0.2222   0.3333   0.4444   0.5555   0.6667   0.7778   0.8889   1.0000
        0   0.1111   0.2222   0.3333   0.4444   0.5555   0.6667   0.7778   0.8889   1.0000
        0   0.1111   0.2222   0.3333   0.4444   0.5555   0.6667   0.7778   0.8889   1.0000
        0   0.1111   0.2222   0.3333   0.4444   0.5555   0.6667   0.7778   0.8889   1.0000
        0   0.1111   0.2222   0.3333   0.4444   0.5555   0.6667   0.7778   0.8889   1.0000
        0   0.1111   0.2222   0.3333   0.4444   0.5555   0.6667   0.7778   0.8889   1.0000
        0   0.1111   0.2222   0.3333   0.4444   0.5555   0.6667   0.7778   0.8889   1.0000
        0   0.1111   0.2222   0.3333   0.4444   0.5555   0.6667   0.7778   0.8889   1.0000
        0   0.1111   0.2222   0.3333   0.4444   0.5555   0.6667   0.7778   0.8889   1.0000
        0   0.1111   0.2222   0.3333   0.4444   0.5556   0.6667   0.7778   0.8889   1.0000
        0   0.1111   0.2222   0.3333   0.4444   0.5556   0.6667   0.7778   0.8889   1.0000
        0   0.1111   0.2222   0.3333   0.4444   0.5556   0.6667   0.7778   0.8889   1.0000
        0   0.1111   0.2222   0.3333   0.4444   0.5556   0.6667   0.7778   0.8889   1.0000
        0   0.1111   0.2222   0.3333   0.4444   0.5556   0.6667   0.7778   0.8889   1.0000
        0   0.1111   0.2222   0.3333   0.4444   0.5556   0.6667   0.7778   0.8889   1.0000
        0   0.1111   0.2222   0.3333   0.4444   0.5556   0.6667   0.7778   0.8889   1.0000
        0   0.1111   0.2222   0.3333   0.4444   0.5556   0.6667   0.7778   0.8889   1.0000
        0   0.1111   0.2222   0.3333   0.4444   0.5556   0.6667   0.7778   0.8889   1.0000
        0   0.1111   0.2222   0.3333   0.4444   0.5556   0.6667   0.7778   0.8889   1.0000
        0   0.1111   0.2222   0.3333   0.4444   0.5556   0.6667   0.7778   0.8889   1.0000
        0   0.1111   0.2222   0.3333   0.4444   0.5556   0.6667   0.7778   0.8889   1.0000

