Method used: buckling
Dimension: 210
Tolerance used: 1.00000E-10
Number of iterations for Jacobi: 83097
Time used for Jacobi: 23.342974
Time used for Armadillo: 0.0048650000

|      Analytical        |       Computed        |   Relative Error:   
           9.7760947           9.7760947           1.010E-13
           39.102212           39.102212           8.141E-14
           87.971850           87.971850           5.735E-14
           156.37418           156.37418           8.361E-15
           244.29403           244.29403           5.503E-14
           351.71191           351.71191           2.311E-14
           478.60402           478.60402           2.530E-14
           624.94222           624.94222           1.255E-14
           790.69407           790.69407           2.459E-14
           975.82283           975.82283           3.215E-14
           1180.2875           1180.2875           3.063E-14
           1404.0426           1404.0426           2.818E-14
           1647.0387           1647.0387           3.493E-14
           1909.2219           1909.2219           2.287E-14
           2190.5341           2190.5341           2.948E-14
           2490.9128           2490.9128           3.706E-14
           2810.2915           2810.2915           3.107E-14
           3148.5995           3148.5995           2.903E-14
           3505.7616           3505.7616           3.282E-14
           3881.6988           3881.6988           2.999E-14
           4276.3277           4276.3277           3.169E-14
           4689.5607           4689.5607           2.754E-14
           5121.3064           5121.3064           3.055E-14
           5571.4690           5571.4690           2.759E-14
           6039.9487           6039.9487           2.018E-14
           6526.6417           6526.6417           2.383E-14
           7031.4400           7031.4400           3.609E-14
           7554.2317           7554.2317           2.540E-14
           8094.9011           8094.9011           3.371E-14
           8653.3281           8653.3281           3.006E-14
           9229.3891           9229.3891           3.173E-14
           9822.9563           9822.9563           2.574E-14
           10433.898           10433.898           2.022E-14
           11062.079           11062.079           2.746E-14
           11707.360           11707.360           2.548E-14
           12369.598           12369.598           2.559E-14
           13048.646           13048.646           2.844E-14
           13744.353           13744.353           2.634E-14
           14456.566           14456.566           2.277E-14
           15185.127           15185.127           2.288E-14
           15929.873           15929.873           2.546E-14
           16690.640           16690.640           3.095E-14
           17467.259           17467.259           2.666E-14
           18259.559           18259.559           2.889E-14
           19067.362           19067.362           2.022E-14
           19890.492           19890.492           2.762E-14
           20728.763           20728.763           2.685E-14
           21581.992           21581.992           2.427E-14
           22449.989           22449.989           3.290E-14
           23332.562           23332.562           3.072E-14
           24229.514           24229.514           2.507E-14
           25140.647           25140.647           2.098E-14
           26065.759           26065.759           2.429E-14
           27004.645           27004.645           2.627E-14
           27957.097           27957.097           2.564E-14
           28922.904           28922.904           1.950E-14
           29901.851           29901.851           2.372E-14
           30893.722           30893.722           3.627E-14
           31898.296           31898.296           2.749E-14
           32915.351           32915.351           1.967E-14
           33944.662           33944.662           3.108E-14
           34986.000           34986.000           2.475E-14
           36039.135           36039.135           2.503E-14
           37103.833           37103.833           2.353E-14
           38179.857           38179.857           2.992E-14
           39266.970           39266.970           2.668E-14
           40364.931           40364.931           3.064E-14
           41473.496           41473.496           3.088E-14
           42592.419           42592.419           2.238E-14
           43721.452           43721.452           2.829E-14
           44860.345           44860.345           1.573E-14
           46008.846           46008.846           2.783E-14
           47166.700           47166.700           2.206E-14
           48333.650           48333.650           2.062E-14
           49509.438           49509.438           2.013E-14
           50693.802           50693.802           2.368E-14
           51886.481           51886.481           2.762E-14
           53087.210           53087.210           2.275E-14
           54295.723           54295.723           2.787E-14
           55511.752           55511.752           2.503E-14
           56735.027           56735.027           2.449E-14
           57965.277           57965.277           2.686E-14
           59202.230           59202.230           3.257E-14
           60445.611           60445.611           2.660E-14
           61695.144           61695.144           3.054E-14
           62950.553           62950.553           2.485E-14
           64211.559           64211.559           2.402E-14
           65477.883           65477.883           2.811E-14
           66749.245           66749.245           2.878E-14
           68025.361           68025.361           2.845E-14
           69305.950           69305.950           2.982E-14
           70590.727           70590.727           2.865E-14
           71879.408           71879.408           2.693E-14
           73171.706           73171.706           2.864E-14
           74467.336           74467.336           2.032E-14
           75766.011           75766.011           2.996E-14
           77067.442           77067.442           2.096E-14
           78371.340           78371.340           2.655E-14
           79677.418           79677.418           2.429E-14
           80985.384           80985.384           3.001E-14
           82294.951           82294.951           2.140E-14
           83605.826           83605.826           2.402E-14
           84917.719           84917.719           1.954E-14
           86230.340           86230.340           2.008E-14
           87543.398           87543.398           2.410E-14
           88856.602           88856.602           2.866E-14
           90169.660           90169.660           2.259E-14
           91482.281           91482.281           2.466E-14
           92794.174           92794.174           2.290E-14
           94105.049           94105.049           3.155E-14
           95414.616           95414.616           2.913E-14
           96722.582           96722.582           2.949E-14
           98028.660           98028.660           1.796E-14
           99332.558           99332.558           3.076E-14
           100633.99           100633.99           2.617E-14
           101932.66           101932.66           2.470E-14
           103228.29           103228.29           2.199E-14
           104520.59           104520.59           3.063E-14
           105809.27           105809.27           2.627E-14
           107094.05           107094.05           2.351E-14
           108374.64           108374.64           2.565E-14
           109650.76           109650.76           1.792E-14
           110922.12           110922.12           3.267E-14
           112188.44           112188.44           2.542E-14
           113449.45           113449.45           3.155E-14
           114704.86           114704.86           2.296E-14
           115954.39           115954.39           2.410E-14
           117197.77           117197.77           2.111E-14
           118434.72           118434.72           2.777E-14
           119664.97           119664.97           2.882E-14
           120888.25           120888.25           2.997E-14
           122104.28           122104.28           3.134E-14
           123312.79           123312.79           2.608E-14
           124513.52           124513.52           2.910E-14
           125706.20           125706.20           2.825E-14
           126890.56           126890.56           2.982E-14
           128066.35           128066.35           1.954E-14
           129233.30           129233.30           2.669E-14
           130391.15           130391.15           2.221E-14
           131539.65           131539.65           2.677E-14
           132678.55           132678.55           2.435E-14
           133807.58           133807.58           2.393E-14
           134926.50           134926.50           2.308E-14
           136035.07           136035.07           3.359E-14
           137133.03           137133.03           1.953E-14
           138220.14           138220.14           1.600E-14
           139296.17           139296.17           2.570E-14
           140360.87           140360.87           1.928E-14
           141414.00           141414.00           2.820E-14
           142455.34           142455.34           2.554E-14
           143484.65           143484.65           2.921E-14
           144501.70           144501.70           2.356E-14
           145506.28           145506.28           2.400E-14
           146498.15           146498.15           2.622E-14
           147477.10           147477.10           2.506E-14
           148442.90           148442.90           2.412E-14
           149395.35           149395.35           2.201E-14
           150334.24           150334.24           2.633E-14
           151259.35           151259.35           3.232E-14
           152170.49           152170.49           2.792E-14
           153067.44           153067.44           3.042E-14
           153950.01           153950.01           2.439E-14
           154818.01           154818.01           2.369E-14
           155671.24           155671.24           2.337E-14
           156509.51           156509.51           2.752E-14
           157332.64           157332.64           2.978E-14
           158140.44           158140.44           2.853E-14
           158932.74           158932.74           2.967E-14
           159709.36           159709.36           3.025E-14
           160470.13           160470.13           2.195E-14
           161214.87           161214.87           2.925E-14
           161943.43           161943.43           2.750E-14
           162655.65           162655.65           2.738E-14
           163351.35           163351.35           1.693E-14
           164030.40           164030.40           2.023E-14
           164692.64           164692.64           2.810E-14
           165337.92           165337.92           2.482E-14
           165966.10           165966.10           1.999E-14
           166577.04           166577.04           2.359E-14
           167170.61           167170.61           2.681E-14
           167746.67           167746.67           2.169E-14
           168305.10           168305.10           2.334E-14
           168845.77           168845.77           3.068E-14
           169368.56           169368.56           2.749E-14
           169873.36           169873.36           2.399E-14
           170360.05           170360.05           2.135E-14
           170828.53           170828.53           2.811E-14
           171278.69           171278.69           2.481E-14
           171710.44           171710.44           3.186E-14
           172123.67           172123.67           2.688E-14
           172518.30           172518.30           2.665E-14
           172894.24           172894.24           3.602E-14
           173251.40           173251.40           2.453E-14
           173589.71           173589.71           2.884E-14
           173909.09           173909.09           3.012E-14
           174209.47           174209.47           3.157E-14
           174490.78           174490.78           2.969E-14
           174752.96           174752.96           3.064E-14
           174995.96           174995.96           3.060E-14
           175219.71           175219.71           2.907E-14
           175424.18           175424.18           2.903E-14
           175609.31           175609.31           2.967E-14
           175775.06           175775.06           3.278E-14
           175921.40           175921.40           3.607E-14
           176048.29           176048.29           3.488E-14
           176155.71           176155.71           3.288E-14
           176243.63           176243.63           3.303E-14
           176312.03           176312.03           3.070E-14
           176360.90           176360.90           4.175E-14
           176390.22           176390.22           3.943E-14
