Method used: buckling
Dimension: 150
Tolerance used: 1.00000E-10
Number of iterations for Jacobi: 42140
Time used for Jacobi: 6.1998370
Time used for Armadillo: 0.0023750000

|      Analytical        |       Computed        |   Relative Error:   
           9.7389627           9.7389627           1.539E-13
           38.951635           38.951635           2.244E-14
           87.625374           87.625374           9.244E-15
           155.73911           155.73911           2.555E-15
           243.26336           243.26336           2.407E-14
           350.16024           350.16024           1.916E-14
           476.38348           476.38348           2.852E-14
           621.87845           621.87845           1.627E-14
           786.58217           786.58217           2.341E-14
           970.42335           970.42335           1.769E-14
           1173.3224           1173.3224           2.442E-14
           1395.1915           1395.1915           2.119E-14
           1635.9347           1635.9347           1.751E-14
           1895.4477           1895.4477           1.907E-14
           2173.6181           2173.6181           1.130E-14
           2470.3257           2470.3257           2.356E-14
           2785.4419           2785.4419           1.682E-14
           3118.8304           3118.8304           2.318E-14
           3470.3468           3470.3468           2.110E-14
           3839.8391           3839.8391           2.120E-14
           4227.1472           4227.1472           2.087E-14
           4632.1036           4632.1036           2.415E-14
           5054.5329           5054.5329           2.393E-14
           5494.2524           5494.2524           1.639E-14
           5951.0716           5951.0716           1.360E-14
           6424.7929           6424.7929           1.274E-14
           6915.2111           6915.2111           1.789E-14
           7422.1141           7422.1141           1.238E-14
           7945.2824           7945.2824           1.980E-14
           8484.4896           8484.4896           1.822E-14
           9039.5022           9039.5022           2.032E-14
           9610.0801           9610.0801           2.025E-14
           10195.976           10195.976           1.873E-14
           10796.937           10796.937           1.516E-14
           11412.702           11412.702           1.960E-14
           12043.006           12043.006           1.042E-14
           12687.574           12687.574           2.452E-14
           13346.129           13346.129           2.153E-14
           14018.385           14018.385           1.285E-14
           14704.051           14704.051           1.967E-14
           15402.831           15402.831           2.090E-14
           16114.421           16114.421           1.829E-14
           16838.515           16838.515           2.074E-14
           17574.797           17574.797           1.677E-14
           18322.951           18322.951           1.628E-14
           19082.652           19082.652           2.173E-14
           19853.570           19853.570           1.576E-14
           20635.374           20635.374           1.357E-14
           21427.723           21427.723           2.088E-14
           22230.275           22230.275           1.653E-14
           23042.683           23042.683           1.579E-14
           23864.595           23864.595           2.104E-14
           24695.656           24695.656           1.709E-14
           25535.505           25535.505           1.439E-14
           26383.779           26383.779           1.848E-14
           27240.111           27240.111           9.215E-15
           28104.130           28104.130           1.981E-14
           28975.462           28975.462           1.745E-14
           29853.731           29853.731           1.328E-14
           30738.555           30738.555           2.059E-14
           31629.553           31629.553           1.426E-14
           32526.338           32526.338           1.935E-14
           33428.522           33428.522           1.524E-14
           34335.714           34335.714           2.161E-14
           35247.523           35247.523           1.362E-14
           36163.553           36163.553           1.851E-14
           37083.407           37083.407           1.491E-14
           38006.688           38006.688           1.551E-14
           38932.997           38932.997           1.719E-14
           39861.931           39861.931           1.478E-14
           40793.089           40793.089           1.284E-14
           41726.068           41726.068           1.447E-14
           42660.465           42660.465           2.030E-14
           43595.874           43595.874           1.636E-14
           44531.890           44531.890           2.206E-14
           45468.110           45468.110           1.776E-14
           46404.126           46404.126           1.599E-14
           47339.535           47339.535           1.506E-14
           48273.932           48273.932           1.794E-14
           49206.911           49206.911           1.375E-14
           50138.069           50138.069           1.074E-14
           51067.003           51067.003           1.553E-14
           51993.312           51993.312           1.721E-14
           52916.593           52916.593           1.719E-14
           53836.447           53836.447           1.703E-14
           54752.477           54752.477           2.392E-14
           55664.286           55664.286           1.948E-14
           56571.478           56571.478           1.698E-14
           57473.662           57473.662           9.748E-15
           58370.447           58370.447           2.107E-14
           59261.445           59261.445           2.185E-14
           60146.269           60146.269           1.500E-14
           61024.538           61024.538           1.800E-14
           61895.870           61895.870           1.481E-14
           62759.889           62759.889           1.067E-14
           63616.221           63616.221           1.921E-14
           64464.495           64464.495           1.964E-14
           65304.344           65304.344           1.526E-14
           66135.405           66135.405           1.738E-14
           66957.317           66957.317           1.565E-14
           67769.725           67769.725           2.212E-14
           68572.277           68572.277           1.910E-14
           69364.626           69364.626           1.867E-14
           70146.430           70146.430           1.556E-14
           70917.348           70917.348           2.237E-14
           71677.049           71677.049           1.665E-14
           72425.203           72425.203           2.090E-14
           73161.485           73161.485           1.611E-14
           73885.579           73885.579           2.127E-14
           74597.169           74597.169           1.697E-14
           75295.949           75295.949           1.875E-14
           75981.615           75981.615           1.819E-14
           76653.871           76653.871           1.500E-14
           77312.426           77312.426           1.506E-14
           77956.994           77956.994           1.773E-14
           78587.298           78587.298           1.907E-14
           79203.063           79203.063           1.580E-14
           79804.024           79804.024           1.240E-14
           80389.920           80389.920           1.557E-14
           80960.498           80960.498           1.977E-14
           81515.510           81515.510           2.249E-14
           82054.718           82054.718           2.217E-14
           82577.886           82577.886           1.833E-14
           83084.789           83084.789           1.751E-14
           83575.207           83575.207           2.037E-14
           84048.928           84048.928           2.095E-14
           84505.748           84505.748           2.428E-14
           84945.467           84945.467           2.073E-14
           85367.896           85367.896           2.369E-14
           85772.853           85772.853           1.357E-14
           86160.161           86160.161           1.334E-14
           86529.653           86529.653           1.547E-14
           86881.170           86881.170           1.759E-14
           87214.558           87214.558           1.485E-14
           87529.674           87529.674           2.344E-14
           87826.382           87826.382           1.342E-14
           88104.552           88104.552           1.982E-14
           88364.065           88364.065           2.388E-14
           88604.808           88604.808           1.987E-14
           88826.678           88826.678           1.425E-14
           89029.577           89029.577           2.223E-14
           89213.418           89213.418           1.615E-14
           89378.122           89378.122           2.491E-14
           89523.617           89523.617           1.625E-14
           89649.840           89649.840           2.208E-14
           89756.737           89756.737           1.719E-14
           89844.261           89844.261           1.830E-14
           89912.375           89912.375           1.991E-14
           89961.048           89961.048           2.281E-14
           89990.261           89990.261           2.021E-14
