Method used: buckling
Dimension: 90
Tolerance used: 1.00000E-10
Number of iterations for Jacobi: 15108
Time used for Jacobi: 0.82547900
Time used for Armadillo: 0.00096300000

|      Analytical        |       Computed        |   Relative Error:   
           9.6529231           9.6529231           1.638E-13
           38.600189           38.600189           1.675E-14
           86.807300           86.807300           3.929E-15
           154.21681           154.21681           5.529E-16
           240.74838           240.74838           9.799E-15
           346.29889           346.29889           8.536E-15
           470.74256           470.74256           1.051E-14
           613.93108           613.93108           1.130E-14
           775.69381           775.69381           1.290E-14
           955.83798           955.83798           7.612E-15
           1154.1489           1154.1489           1.221E-14
           1370.3903           1370.3903           9.126E-15
           1604.3043           1604.3043           8.645E-15
           1855.6124           1855.6124           5.637E-15
           2124.0149           2124.0149           6.637E-15
           2409.1920           2409.1920           9.060E-15
           2710.8040           2710.8040           9.226E-15
           3028.4912           3028.4912           8.559E-15
           3361.8752           3361.8752           7.440E-15
           3710.5586           3710.5586           7.476E-15
           4074.1259           4074.1259           9.599E-15
           4452.1438           4452.1438           1.042E-14
           4844.1619           4844.1619           1.145E-14
           5249.7130           5249.7130           1.022E-14
           5668.3137           5668.3137           1.203E-14
           6099.4652           6099.4652           8.201E-15
           6542.6537           6542.6537           1.043E-14
           6997.3511           6997.3511           1.183E-14
           7463.0154           7463.0154           7.434E-15
           7939.0918           7939.0918           1.088E-14
           8425.0129           8425.0129           7.341E-15
           8920.1995           8920.1995           1.040E-14
           9424.0616           9424.0616           5.983E-15
           9935.9988           9935.9988           7.323E-15
           10455.401           10455.401           7.829E-15
           10981.649           10981.649           6.129E-15
           11514.116           11514.116           9.163E-15
           12052.167           12052.167           1.132E-14
           12595.161           12595.161           1.213E-14
           13142.451           13142.451           6.228E-15
           13693.385           13693.385           7.837E-15
           14247.306           14247.306           1.175E-14
           14803.554           14803.554           1.069E-14
           15361.466           15361.466           9.710E-15
           15920.378           15920.378           1.063E-14
           16479.622           16479.622           1.457E-14
           17038.534           17038.534           9.181E-15
           17596.446           17596.446           5.582E-15
           18152.694           18152.694           1.042E-14
           18706.615           18706.615           9.529E-15
           19257.549           19257.549           8.123E-15
           19804.839           19804.839           7.531E-15
           20347.833           20347.833           8.582E-15
           20885.884           20885.884           9.058E-15
           21418.351           21418.351           6.454E-15
           21944.599           21944.599           7.792E-15
           22464.001           22464.001           5.830E-15
           22975.938           22975.938           7.125E-15
           23479.800           23479.800           1.271E-14
           23974.987           23974.987           6.828E-15
           24460.908           24460.908           1.041E-14
           24936.985           24936.985           5.398E-15
           25402.649           25402.649           1.045E-14
           25857.346           25857.346           1.182E-14
           26300.535           26300.535           1.314E-14
           26731.686           26731.686           1.266E-14
           27150.287           27150.287           1.367E-14
           27555.838           27555.838           8.449E-15
           27947.856           27947.856           8.331E-15
           28325.874           28325.874           8.477E-15
           28689.441           28689.441           6.721E-15
           29038.125           29038.125           7.141E-15
           29371.509           29371.509           1.127E-14
           29689.196           29689.196           9.925E-15
           29990.808           29990.808           1.274E-14
           30275.985           30275.985           1.057E-14
           30544.388           30544.388           9.647E-15
           30795.696           30795.696           1.040E-14
           31029.610           31029.610           1.290E-14
           31245.851           31245.851           1.490E-14
           31444.162           31444.162           1.250E-14
           31624.306           31624.306           1.058E-14
           31786.069           31786.069           1.408E-14
           31929.257           31929.257           9.343E-15
           32053.701           32053.701           1.044E-14
           32159.252           32159.252           9.502E-15
           32245.783           32245.783           7.220E-15
           32313.193           32313.193           9.795E-15
           32361.400           32361.400           9.893E-15
           32390.347           32390.347           9.322E-15
