Method used: buckling
Dimension: 250
Tolerance used: 1.00000E-10
Number of iterations for Jacobi: 117655
Time used for Jacobi: 49.172810
Time used for Armadillo: 0.0070590000

|      Analytical        |       Computed        |   Relative Error:   
           9.7909910           9.7909910           1.296E-12
           39.162430           39.162430           2.359E-14
           88.109716           88.109716           8.967E-14
           156.62518           156.62518           2.704E-14
           244.69809           244.69809           2.520E-14
           352.31465           352.31465           3.646E-14
           479.45800           479.45800           2.181E-14
           626.10822           626.10822           4.303E-14
           792.24234           792.24234           2.813E-14
           977.83433           977.83433           2.139E-14
           1182.8551           1182.8551           2.787E-14
           1407.2726           1407.2726           2.504E-14
           1651.0516           1651.0516           3.897E-14
           1914.1539           1914.1539           3.278E-14
           2196.5384           2196.5384           2.836E-14
           2498.1607           2498.1607           3.131E-14
           2818.9737           2818.9737           3.920E-14
           3158.9270           3158.9270           3.570E-14
           3517.9674           3517.9674           3.257E-14
           3896.0388           3896.0388           3.408E-14
           4293.0817           4293.0817           2.966E-14
           4709.0342           4709.0342           3.592E-14
           5143.8309           5143.8309           2.705E-14
           5597.4037           5597.4037           3.120E-14
           6069.6817           6069.6817           2.982E-14
           6560.5908           6560.5908           3.341E-14
           7070.0542           7070.0542           3.332E-14
           7597.9919           7597.9919           2.777E-14
           8144.3214           8144.3214           3.730E-14
           8708.9570           8708.9570           4.094E-14
           9291.8103           9291.8103           2.525E-14
           9892.7899           9892.7899           3.328E-14
           10511.802           10511.802           3.149E-14
           11148.749           11148.749           2.757E-14
           11803.531           11803.531           2.466E-14
           12476.047           12476.047           3.280E-14
           13166.190           13166.190           2.984E-14
           13873.852           13873.852           3.252E-14
           14598.923           14598.923           2.903E-14
           15341.289           15341.289           4.150E-14
           16100.834           16100.834           3.129E-14
           16877.438           16877.438           2.888E-14
           17670.981           17670.981           3.006E-14
           18481.337           18481.337           2.953E-14
           19308.379           19308.379           3.165E-14
           20151.979           20151.979           3.791E-14
           21012.005           21012.005           3.515E-14
           21888.320           21888.320           2.842E-14
           22780.789           22780.789           3.593E-14
           23689.270           23689.270           2.749E-14
           24613.623           24613.623           3.074E-14
           25553.702           25553.702           3.346E-14
           26509.359           26509.359           3.911E-14
           27480.446           27480.446           3.098E-14
           28466.810           28466.810           3.144E-14
           29468.296           29468.296           2.679E-14
           30484.748           30484.748           2.554E-14
           31516.006           31516.006           3.671E-14
           32561.909           32561.909           2.961E-14
           33622.293           33622.293           2.878E-14
           34696.992           34696.992           3.439E-14
           35785.837           35785.837           2.867E-14
           36888.658           36888.658           2.939E-14
           38005.283           38005.283           2.623E-14
           39135.536           39135.536           3.291E-14
           40279.239           40279.239           2.800E-14
           41436.215           41436.215           2.634E-14
           42606.282           42606.282           3.074E-14
           43789.256           43789.256           4.021E-14
           44984.952           44984.952           3.801E-14
           46193.183           46193.183           3.765E-14
           47413.760           47413.760           3.008E-14
           48646.490           48646.490           3.021E-14
           49891.183           49891.183           1.940E-14
           51147.641           51147.641           3.158E-14
           52415.669           52415.669           3.248E-14
           53695.067           53695.067           3.523E-14
           54985.636           54985.636           3.004E-14
           56287.173           56287.173           2.547E-14
           57599.474           57599.474           2.931E-14
           58922.334           58922.334           3.421E-14
           60255.546           60255.546           3.272E-14
           61598.900           61598.900           3.673E-14
           62952.186           62952.186           3.178E-14
           64315.192           64315.192           3.055E-14
           65687.705           65687.705           3.456E-14
           67069.510           67069.510           3.819E-14
           68460.389           68460.389           2.848E-14
           69860.126           69860.126           2.437E-14
           71268.501           71268.501           3.144E-14
           72685.294           72685.294           3.423E-14
           74110.281           74110.281           2.945E-14
           75543.241           75543.241           3.621E-14
           76983.949           76983.949           3.573E-14
           78432.179           78432.179           2.709E-14
           79887.703           79887.703           3.425E-14
           81350.295           81350.295           3.631E-14
           82819.725           82819.725           1.757E-14
           84295.762           84295.762           2.986E-14
           85778.177           85778.177           2.222E-14
           87266.735           87266.735           2.535E-14
           88761.205           88761.205           2.262E-14
           90261.351           90261.351           2.870E-14
           91766.940           91766.940           2.807E-14
           93277.735           93277.735           3.370E-14
           94793.499           94793.499           3.040E-14
           96313.995           96313.995           2.553E-14
           97838.985           97838.985           2.186E-14
           99368.230           99368.230           3.778E-14
           100901.49           100901.49           3.130E-14
           102438.53           102438.53           3.495E-14
           103979.10           103979.10           2.925E-14
           105522.96           105522.96           3.034E-14
           107069.87           107069.87           2.718E-14
           108619.60           108619.60           3.309E-14
           110171.89           110171.89           2.457E-14
           111726.50           111726.50           3.399E-14
           113283.19           113283.19           3.096E-14
           114841.72           114841.72           3.079E-14
           116401.83           116401.83           3.463E-14
           117963.30           117963.30           3.294E-14
           119525.87           119525.87           2.739E-14
           121089.29           121089.29           2.884E-14
           122653.33           122653.33           3.014E-14
           124217.74           124217.74           4.088E-14
           125782.26           125782.26           2.210E-14
           127346.67           127346.67           3.759E-14
           128910.71           128910.71           3.228E-14
           130474.13           130474.13           2.498E-14
           132036.70           132036.70           2.976E-14
           133598.17           133598.17           3.072E-14
           135158.28           135158.28           3.596E-14
           136716.81           136716.81           3.725E-14
           138273.50           138273.50           2.126E-14
           139828.11           139828.11           3.726E-14
           141380.40           141380.40           2.964E-14
           142930.13           142930.13           3.177E-14
           144477.04           144477.04           3.102E-14
           146020.90           146020.90           3.329E-14
           147561.47           147561.47           3.392E-14
           149098.51           149098.51           2.967E-14
           150631.77           150631.77           3.787E-14
           152161.01           152161.01           3.864E-14
           153686.00           153686.00           3.314E-14
           155206.50           155206.50           3.375E-14
           156722.27           156722.27           3.528E-14
           158233.06           158233.06           3.108E-14
           159738.65           159738.65           2.933E-14
           161238.80           161238.80           2.455E-14
           162733.26           162733.26           3.362E-14
           164221.82           164221.82           3.314E-14
           165704.24           165704.24           3.109E-14
           167180.28           167180.28           2.907E-14
           168649.70           168649.70           3.400E-14
           170112.30           170112.30           3.097E-14
           171567.82           171567.82           2.935E-14
           173016.05           173016.05           2.422E-14
           174456.76           174456.76           2.703E-14
           175889.72           175889.72           2.796E-14
           177314.71           177314.71           3.414E-14
           178731.50           178731.50           2.882E-14
           180139.87           180139.87           3.360E-14
           181539.61           181539.61           3.319E-14
           182930.49           182930.49           3.134E-14
           184312.29           184312.29           3.932E-14
           185684.81           185684.81           3.150E-14
           187047.81           187047.81           3.750E-14
           188401.10           188401.10           3.229E-14
           189744.45           189744.45           2.991E-14
           191077.67           191077.67           2.955E-14
           192400.53           192400.53           2.133E-14
           193712.83           193712.83           3.275E-14
           195014.36           195014.36           2.731E-14
           196304.93           196304.93           2.906E-14
           197584.33           197584.33           2.548E-14
           198852.36           198852.36           2.971E-14
           200108.82           200108.82           2.792E-14
           201353.51           201353.51           2.703E-14
           202586.24           202586.24           3.764E-14
           203806.82           203806.82           2.642E-14
           205015.05           205015.05           2.584E-14
           206210.74           206210.74           3.176E-14
           207393.72           207393.72           2.905E-14
           208563.78           208563.78           2.456E-14
           209720.76           209720.76           2.859E-14
           210864.46           210864.46           2.664E-14
           211994.72           211994.72           3.089E-14
           213111.34           213111.34           2.636E-14
           214214.16           214214.16           2.704E-14
           215303.01           215303.01           3.352E-14
           216377.71           216377.71           3.430E-14
           217438.09           217438.09           2.316E-14
           218483.99           218483.99           3.410E-14
           219515.25           219515.25           3.619E-14
           220531.70           220531.70           3.537E-14
           221533.19           221533.19           3.114E-14
           222519.55           222519.55           3.361E-14
           223490.64           223490.64           2.969E-14
           224446.30           224446.30           3.008E-14
           225386.38           225386.38           3.254E-14
           226310.73           226310.73           2.701E-14
           227219.21           227219.21           3.497E-14
           228111.68           228111.68           3.330E-14
           228988.00           228988.00           3.228E-14
           229848.02           229848.02           3.659E-14
           230691.62           230691.62           3.078E-14
           231518.66           231518.66           2.854E-14
           232329.02           232329.02           3.270E-14
           233122.56           233122.56           2.572E-14
           233899.17           233899.17           2.825E-14
           234658.71           234658.71           2.530E-14
           235401.08           235401.08           3.746E-14
           236126.15           236126.15           3.710E-14
           236833.81           236833.81           2.790E-14
           237523.95           237523.95           3.039E-14
           238196.47           238196.47           3.494E-14
           238851.25           238851.25           3.144E-14
           239488.20           239488.20           3.257E-14
           240107.21           240107.21           3.079E-14
           240708.19           240708.19           2.878E-14
           241291.04           241291.04           2.726E-14
           241855.68           241855.68           3.285E-14
           242402.01           242402.01           2.858E-14
           242929.95           242929.95           3.558E-14
           243439.41           243439.41           3.049E-14
           243930.32           243930.32           3.770E-14
           244402.60           244402.60           2.477E-14
           244856.17           244856.17           2.603E-14
           245290.97           245290.97           3.144E-14
           245706.92           245706.92           2.949E-14
           246103.96           246103.96           3.666E-14
           246482.03           246482.03           3.153E-14
           246841.07           246841.07           2.971E-14
           247181.03           247181.03           3.156E-14
           247501.84           247501.84           2.846E-14
           247803.46           247803.46           3.054E-14
           248085.85           248085.85           3.097E-14
           248348.95           248348.95           3.715E-14
           248592.73           248592.73           4.262E-14
           248817.14           248817.14           3.228E-14
           249022.17           249022.17           4.278E-14
           249207.76           249207.76           2.990E-14
           249373.89           249373.89           3.431E-14
           249520.54           249520.54           3.686E-14
           249647.69           249647.69           3.847E-14
           249755.30           249755.30           4.650E-14
           249843.37           249843.37           4.007E-14
           249911.89           249911.89           3.482E-14
           249960.84           249960.84           4.203E-14
           249990.21           249990.21           3.586E-14
