Method used: buckling
Dimension: 80
Tolerance used: 1.00000E-10
Number of iterations for Jacobi: 11896
Time used for Jacobi: 0.53313800
Time used for Armadillo: 0.00087100000

|      Analytical        |       Computed        |   Relative Error:   
           9.6262079           9.6262079           9.153E-14
           38.490353           38.490353           3.267E-14
           86.549021           86.549021           1.691E-14
           153.72993           153.72993           1.498E-14
           239.93202           239.93202           8.766E-15
           345.02566           345.02566           4.613E-15
           468.85275           468.85275           7.396E-15
           611.22707           611.22707           6.510E-15
           771.93445           771.93445           9.573E-15
           950.73319           950.73319           6.696E-15
           1147.3544           1147.3544           1.030E-14
           1361.5022           1361.5022           7.515E-15
           1592.8546           1592.8546           9.992E-15
           1841.0637           1841.0637           7.040E-15
           2105.7560           2105.7560           6.479E-15
           2386.5335           2386.5335           6.098E-15
           2682.9738           2682.9738           2.712E-15
           2994.6311           2994.6311           2.733E-15
           3321.0366           3321.0366           7.668E-15
           3661.6994           3661.6994           7.079E-15
           4016.1070           4016.1070           1.064E-14
           4383.7265           4383.7265           1.183E-14
           4764.0048           4764.0048           9.545E-15
           5156.3700           5156.3700           8.643E-15
           5560.2320           5560.2320           8.996E-15
           5974.9833           5974.9833           1.081E-14
           6400.0000           6400.0000           7.248E-15
           6834.6429           6834.6429           3.194E-15
           7278.2584           7278.2584           8.122E-15
           7730.1790           7730.1790           8.824E-15
           8189.7251           8189.7251           5.997E-15
           8656.2055           8656.2055           9.666E-15
           9128.9186           9128.9186           5.978E-15
           9607.1534           9607.1534           1.117E-14
           10090.190           10090.190           4.146E-15
           10577.303           10577.303           6.707E-15
           11067.759           11067.759           1.200E-14
           11560.821           11560.821           7.080E-15
           12055.746           12055.746           1.101E-14
           12551.791           12551.791           3.623E-15
           13048.209           13048.209           9.061E-15
           13544.254           13544.254           6.446E-15
           14039.179           14039.179           6.997E-15
           14532.241           14532.241           9.263E-15
           15022.697           15022.697           5.328E-15
           15509.810           15509.810           8.444E-15
           15992.847           15992.847           8.303E-15
           16471.081           16471.081           6.847E-15
           16943.794           16943.794           1.224E-14
           17410.275           17410.275           7.522E-15
           17869.821           17869.821           6.922E-15
           18321.742           18321.742           7.744E-15
           18765.357           18765.357           6.204E-15
           19200.000           19200.000           5.874E-15
           19625.017           19625.017           2.224E-15
           20039.768           20039.768           3.631E-15
           20443.630           20443.630           1.050E-14
           20835.995           20835.995           6.809E-15
           21216.274           21216.274           1.303E-14
           21583.893           21583.893           6.742E-15
           21938.301           21938.301           7.296E-15
           22278.963           22278.963           4.572E-15
           22605.369           22605.369           7.564E-15
           22917.026           22917.026           6.667E-15
           23213.466           23213.466           5.172E-15
           23494.244           23494.244           7.433E-15
           23758.936           23758.936           3.675E-15
           24007.145           24007.145           5.455E-15
           24238.498           24238.498           7.505E-15
           24452.646           24452.646           7.290E-15
           24649.267           24649.267           1.092E-14
           24828.066           24828.066           7.326E-15
           24988.773           24988.773           1.179E-14
           25131.147           25131.147           5.935E-15
           25254.974           25254.974           1.412E-14
           25360.068           25360.068           8.320E-15
           25446.270           25446.270           7.720E-15
           25513.451           25513.451           7.130E-15
           25561.510           25561.510           1.025E-14
           25590.374           25590.374           6.966E-15
