Method used: buckling
Dimension: 280
Tolerance used: 1.00000E-10
Number of iterations for Jacobi: 147413
Time used for Jacobi: 83.566026
Time used for Armadillo: 0.0086360000

|      Analytical        |       Computed        |   Relative Error:   
           9.7993810           9.7993810           1.426E-12
           39.196299           39.196299           1.499E-13
           88.187080           88.187080           3.594E-14
           156.76560           156.76560           5.802E-15
           244.92329           244.92329           4.062E-14
           352.64913           352.64913           3.272E-14
           479.92965           479.92965           6.988E-14
           626.74894           626.74894           4.861E-14
           793.08866           793.08866           3.885E-14
           978.92801           978.92801           4.169E-14
           1184.2438           1184.2438           3.341E-14
           1409.0103           1409.0103           3.695E-14
           1653.1994           1653.1994           3.700E-14
           1916.7807           1916.7807           4.413E-14
           2199.7211           2199.7211           4.589E-14
           2501.9854           2501.9854           3.635E-14
           2823.5357           2823.5357           4.123E-14
           3164.3318           3164.3318           4.096E-14
           3524.3312           3524.3312           2.735E-14
           3903.4888           3903.4888           3.448E-14
           4301.7573           4301.7573           4.186E-14
           4719.0869           4719.0869           3.970E-14
           5155.4254           5155.4254           3.281E-14
           5610.7182           5610.7182           3.453E-14
           6084.9085           6084.9085           3.288E-14
           6577.9370           6577.9370           3.194E-14
           7089.7421           7089.7421           3.502E-14
           7620.2598           7620.2598           4.368E-14
           8169.4238           8169.4238           4.153E-14
           8737.1654           8737.1654           2.935E-14
           9323.4137           9323.4137           2.985E-14
           9928.0955           9928.0955           3.701E-14
           10551.135           10551.135           3.586E-14
           11192.455           11192.455           3.884E-14
           11851.974           11851.974           3.162E-14
           12529.610           12529.610           4.152E-14
           13225.280           13225.280           3.576E-14
           13938.895           13938.895           3.536E-14
           14670.366           14670.366           4.352E-14
           15419.603           15419.603           3.905E-14
           16186.511           16186.511           4.237E-14
           16970.995           16970.995           4.137E-14
           17772.956           17772.956           2.907E-14
           18592.294           18592.294           4.070E-14
           19428.907           19428.907           3.239E-14
           20282.691           20282.691           3.229E-14
           21153.538           21153.538           3.388E-14
           22041.340           22041.340           3.681E-14
           22945.986           22945.986           4.376E-14
           23867.362           23867.362           2.896E-14
           24805.354           24805.354           3.432E-14
           25759.844           25759.844           3.206E-14
           26730.714           26730.714           3.920E-14
           27717.840           27717.840           3.596E-14
           28721.101           28721.101           3.737E-14
           29740.371           29740.371           3.254E-14
           30775.523           30775.523           3.404E-14
           31826.426           31826.426           3.818E-14
           32892.950           32892.950           4.181E-14
           33974.962           33974.962           3.469E-14
           35072.326           35072.326           3.050E-14
           36184.904           36184.904           3.881E-14
           37312.559           37312.559           3.140E-14
           38455.149           38455.149           4.200E-14
           39612.530           39612.530           3.674E-14
           40784.560           40784.560           3.247E-14
           41971.090           41971.090           4.109E-14
           43171.973           43171.973           3.455E-14
           44387.059           44387.059           3.819E-14
           45616.195           45616.195           3.126E-14
           46859.229           46859.229           3.991E-14
           48116.004           48116.004           2.934E-14
           49386.364           49386.364           3.624E-14
           50670.149           50670.149           4.078E-14
           51967.200           51967.200           3.934E-14
           53277.355           53277.355           3.319E-14
           54600.449           54600.449           3.198E-14
           55936.317           55936.317           3.668E-14
           57284.792           57284.792           3.874E-14
           58645.706           58645.706           3.796E-14
           60018.888           60018.888           3.128E-14
           61404.167           61404.167           3.697E-14
           62801.370           62801.370           3.661E-14
           64210.322           64210.322           3.807E-14
           65630.847           65630.847           3.925E-14
           67062.767           67062.767           3.472E-14
           68505.904           68505.904           3.399E-14
           69960.077           69960.077           3.494E-14
           71425.104           71425.104           2.710E-14
           72900.803           72900.803           4.332E-14
           74386.988           74386.988           3.560E-14
           75883.474           75883.474           3.107E-14
           77390.074           77390.074           3.667E-14
           78906.600           78906.600           3.910E-14
           80432.861           80432.861           3.456E-14
           81968.668           81968.668           3.604E-14
           83513.829           83513.829           4.060E-14
           85068.149           85068.149           4.242E-14
           86631.436           86631.436           3.141E-14
           88203.493           88203.493           3.102E-14
           89784.124           89784.124           3.144E-14
           91373.131           91373.131           3.313E-14
           92970.316           92970.316           2.692E-14
           94575.480           94575.480           3.385E-14
           96188.421           96188.421           3.162E-14
           97808.938           97808.938           3.139E-14
           99436.828           99436.828           2.985E-14
           101071.89           101071.89           3.355E-14
           102713.91           102713.91           3.074E-14
           104362.70           104362.70           3.026E-14
           106018.04           106018.04           3.473E-14
           107679.73           107679.73           3.203E-14
           109347.56           109347.56           3.367E-14
           111021.32           111021.32           2.687E-14
           112700.80           112700.80           3.577E-14
           114385.79           114385.79           3.600E-14
           116076.08           116076.08           3.648E-14
           117771.47           117771.47           3.966E-14
           119471.73           119471.73           3.203E-14
           121176.66           121176.66           3.350E-14
           122886.04           122886.04           3.103E-14
           124599.66           124599.66           3.784E-14
           126317.30           126317.30           3.859E-14
           128038.76           128038.76           3.876E-14
           129763.81           129763.81           3.185E-14
           131492.24           131492.24           3.674E-14
           133223.83           133223.83           3.430E-14
           134958.37           134958.37           3.731E-14
           136695.64           136695.64           3.811E-14
           138435.42           138435.42           3.679E-14
           140177.50           140177.50           4.049E-14
           141921.65           141921.65           2.256E-14
           143667.67           143667.67           3.565E-14
           145415.32           145415.32           2.982E-14
           147164.40           147164.40           4.252E-14
           148914.69           148914.69           2.951E-14
           150665.96           150665.96           3.052E-14
           152417.99           152417.99           3.418E-14
           154170.58           154170.58           2.737E-14
           155923.49           155923.49           3.304E-14
           157676.51           157676.51           3.821E-14
           159429.42           159429.42           3.578E-14
           161182.01           161182.01           3.449E-14
           162934.04           162934.04           2.894E-14
           164685.31           164685.31           3.428E-14
           166435.60           166435.60           3.567E-14
           168184.68           168184.68           4.378E-14
           169932.33           169932.33           4.282E-14
           171678.35           171678.35           3.441E-14
           173422.50           173422.50           3.810E-14
           175164.58           175164.58           4.037E-14
           176904.36           176904.36           3.981E-14
           178641.63           178641.63           3.324E-14
           180376.17           180376.17           2.808E-14
           182107.76           182107.76           3.692E-14
           183836.19           183836.19           3.420E-14
           185561.24           185561.24           4.015E-14
           187282.70           187282.70           3.683E-14
           189000.34           189000.34           3.326E-14
           190713.96           190713.96           3.464E-14
           192423.34           192423.34           3.660E-14
           194128.27           194128.27           2.998E-14
           195828.53           195828.53           4.236E-14
           197523.92           197523.92           4.096E-14
           199214.21           199214.21           3.331E-14
           200899.20           200899.20           3.086E-14
           202578.68           202578.68           4.051E-14
           204252.44           204252.44           3.519E-14
           205920.27           205920.27           4.198E-14
           207581.96           207581.96           3.743E-14
           209237.30           209237.30           3.797E-14
           210886.09           210886.09           4.113E-14
           212528.11           212528.11           2.944E-14
           214163.17           214163.17           4.199E-14
           215791.06           215791.06           3.008E-14
           217411.58           217411.58           3.360E-14
           219024.52           219024.52           3.774E-14
           220629.68           220629.68           3.786E-14
           222226.87           222226.87           4.152E-14
           223815.88           223815.88           3.290E-14
           225396.51           225396.51           3.796E-14
           226968.56           226968.56           3.398E-14
           228531.85           228531.85           3.528E-14
           230086.17           230086.17           3.390E-14
           231631.33           231631.33           3.707E-14
           233167.14           233167.14           4.206E-14
           234693.40           234693.40           3.435E-14
           236209.93           236209.93           3.105E-14
           237716.53           237716.53           3.550E-14
           239213.01           239213.01           3.151E-14
           240699.20           240699.20           3.325E-14
           242174.90           242174.90           4.386E-14
           243639.92           243639.92           3.834E-14
           245094.10           245094.10           3.420E-14
           246537.23           246537.23           3.010E-14
           247969.15           247969.15           4.753E-14
           249389.68           249389.68           3.746E-14
           250798.63           250798.63           3.946E-14
           252195.83           252195.83           3.127E-14
           253581.11           253581.11           3.535E-14
           254954.29           254954.29           3.288E-14
           256315.21           256315.21           3.565E-14
           257663.68           257663.68           3.965E-14
           258999.55           258999.55           3.068E-14
           260322.65           260322.65           3.611E-14
           261632.80           261632.80           3.337E-14
           262929.85           262929.85           2.679E-14
           264213.64           264213.64           3.393E-14
           265484.00           265484.00           3.530E-14
           266740.77           266740.77           3.121E-14
           267983.80           267983.80           4.040E-14
           269212.94           269212.94           3.762E-14
           270428.03           270428.03           3.315E-14
           271628.91           271628.91           3.729E-14
           272815.44           272815.44           3.627E-14
           273987.47           273987.47           2.911E-14
           275144.85           275144.85           3.681E-14
           276287.44           276287.44           3.139E-14
           277415.10           277415.10           4.196E-14
           278527.67           278527.67           3.595E-14
           279625.04           279625.04           3.851E-14
           280707.05           280707.05           2.509E-14
           281773.57           281773.57           2.913E-14
           282824.48           282824.48           3.067E-14
           283859.63           283859.63           3.506E-14
           284878.90           284878.90           3.392E-14
           285882.16           285882.16           3.217E-14
           286869.29           286869.29           3.571E-14
           287840.16           287840.16           3.721E-14
           288794.65           288794.65           3.366E-14
           289732.64           289732.64           4.219E-14
           290654.01           290654.01           3.525E-14
           291558.66           291558.66           3.414E-14
           292446.46           292446.46           3.742E-14
           293317.31           293317.31           3.255E-14
           294171.09           294171.09           3.581E-14
           295007.71           295007.71           4.242E-14
           295827.04           295827.04           3.620E-14
           296629.01           296629.01           3.630E-14
           297413.49           297413.49           3.288E-14
           298180.40           298180.40           3.768E-14
           298929.63           298929.63           3.291E-14
           299661.11           299661.11           3.108E-14
           300374.72           300374.72           3.566E-14
           301070.39           301070.39           3.731E-14
           301748.03           301748.03           3.279E-14
           302407.55           302407.55           3.137E-14
           303048.87           303048.87           3.553E-14
           303671.90           303671.90           3.374E-14
           304276.59           304276.59           4.151E-14
           304862.83           304862.83           3.494E-14
           305430.58           305430.58           3.888E-14
           305979.74           305979.74           3.919E-14
           306510.26           306510.26           3.494E-14
           307022.06           307022.06           4.038E-14
           307515.09           307515.09           3.615E-14
           307989.28           307989.28           3.818E-14
           308444.57           308444.57           3.850E-14
           308880.91           308880.91           4.259E-14
           309298.24           309298.24           3.444E-14
           309696.51           309696.51           3.439E-14
           310075.67           310075.67           4.167E-14
           310435.67           310435.67           3.581E-14
           310776.46           310776.46           4.289E-14
           311098.01           311098.01           3.536E-14
           311400.28           311400.28           3.626E-14
           311683.22           311683.22           4.034E-14
           311946.80           311946.80           3.545E-14
           312190.99           312190.99           4.083E-14
           312415.76           312415.76           3.838E-14
           312621.07           312621.07           4.115E-14
           312806.91           312806.91           4.671E-14
           312973.25           312973.25           4.017E-14
           313120.07           313120.07           3.569E-14
           313247.35           313247.35           3.958E-14
           313355.08           313355.08           4.718E-14
           313443.23           313443.23           4.104E-14
           313511.81           313511.81           4.809E-14
           313560.80           313560.80           5.216E-14
           313590.20           313590.20           3.917E-14
