Method used: buckling
Dimension: 30
Tolerance used: 1.00000E-10
Number of iterations for Jacobi: 1607
Time used for Jacobi: 0.012996000
Time used for Armadillo: 0.00017100000

|      Analytical        |       Computed        |   Relative Error:   
           9.2352179           9.2352179           5.193E-15
           36.846106           36.846106           5.785E-16
           82.549338           82.549338           5.164E-16
           145.87594           145.87594           2.143E-15
           226.17609           226.17609           1.382E-15
           322.62581           322.62581           4.052E-15
           434.23538           434.23538           1.440E-15
           559.85955           559.85955           2.843E-15
           698.20923           698.20923           1.628E-15
           847.86478           847.86478           2.682E-15
           1007.2905           1007.2905           4.289E-15
           1174.8505           1174.8505           1.161E-15
           1348.8254           1348.8254           3.877E-15
           1527.4300           1527.4300           3.126E-15
           1708.8315           1708.8315           2.528E-15
           1891.1685           1891.1685           1.803E-15
           2072.5700           2072.5700           1.316E-15
           2251.1746           2251.1746           2.828E-15
           2425.1495           2425.1495           1.313E-15
           2592.7095           2592.7095           1.052E-15
           2752.1352           2752.1352           3.139E-15
           2901.7908           2901.7908           3.134E-16
           3040.1405           3040.1405           3.440E-15
           3165.7646           3165.7646           3.160E-15
           3277.3742           3277.3742           2.914E-15
           3373.8239           3373.8239           1.752E-15
           3454.1241           3454.1241           3.555E-15
           3517.4507           3517.4507           9.050E-16
           3563.1539           3563.1539           1.531E-15
           3590.7648           3590.7648           3.419E-15
