Method used: buckling
Dimension: 70
Tolerance used: 1.00000E-10
Number of iterations for Jacobi: 9056
Time used for Jacobi: 0.31293600
Time used for Armadillo: 0.00038800000

|      Analytical        |       Computed        |   Relative Error:   
           9.5919801           9.5919801           1.704E-14
           38.349144           38.349144           1.278E-14
           86.215197           86.215197           1.071E-14
           153.09644           153.09644           9.282E-16
           238.86195           238.86195           5.949E-15
           343.34384           343.34384           8.443E-15
           466.33757           466.33757           6.704E-15
           607.60239           607.60239           6.549E-15
           766.86176           766.86176           8.747E-15
           943.80392           943.80392           1.060E-14
           1138.0825           1138.0825           6.393E-15
           1349.3172           1349.3172           1.517E-15
           1577.0945           1577.0945           8.650E-15
           1820.9685           1820.9685           3.746E-15
           2080.4619           2080.4619           6.776E-15
           2355.0666           2355.0666           5.407E-15
           2644.2451           2644.2451           9.803E-15
           2947.4313           2947.4313           4.320E-15
           3264.0318           3264.0318           1.045E-14
           3593.4267           3593.4267           3.290E-15
           3934.9713           3934.9713           6.587E-15
           4287.9970           4287.9970           8.908E-15
           4651.8126           4651.8126           7.625E-15
           5025.7061           5025.7061           8.506E-15
           5408.9455           5408.9455           1.127E-14
           5800.7806           5800.7806           9.878E-15
           6200.4443           6200.4443           6.014E-15
           6607.1544           6607.1544           1.005E-14
           7020.1146           7020.1146           5.700E-15
           7438.5165           7438.5165           7.336E-15
           7861.5412           7861.5412           5.553E-15
           8288.3605           8288.3605           4.609E-15
           8718.1388           8718.1388           7.511E-15
           9150.0350           9150.0350           4.374E-15
           9583.2035           9583.2035           5.315E-15
           10016.796           10016.796           4.540E-15
           10449.965           10449.965           4.178E-15
           10881.861           10881.861           8.859E-15
           11311.640           11311.640           5.307E-15
           11738.459           11738.459           8.833E-15
           12161.483           12161.483           7.628E-15
           12579.885           12579.885           6.218E-15
           12992.846           12992.846           9.240E-15
           13399.556           13399.556           7.330E-15
           13799.219           13799.219           5.141E-15
           14191.054           14191.054           6.793E-15
           14574.294           14574.294           8.612E-15
           14948.187           14948.187           5.233E-15
           15312.003           15312.003           7.009E-15
           15665.029           15665.029           3.600E-15
           16006.573           16006.573           9.659E-15
           16335.968           16335.968           6.236E-15
           16652.569           16652.569           6.991E-15
           16955.755           16955.755           5.149E-15
           17244.933           17244.933           5.696E-15
           17519.538           17519.538           7.475E-15
           17779.031           17779.031           4.911E-15
           18022.906           18022.906           9.487E-15
           18250.683           18250.683           4.983E-15
           18461.918           18461.918           1.064E-14
           18656.196           18656.196           5.265E-15
           18833.138           18833.138           7.147E-15
           18992.398           18992.398           6.130E-15
           19133.662           19133.662           1.122E-14
           19256.656           19256.656           1.020E-14
           19361.138           19361.138           6.201E-15
           19446.904           19446.904           5.612E-15
           19513.785           19513.785           1.063E-14
           19561.651           19561.651           1.023E-14
           19590.408           19590.408           4.643E-15
