Method used: buckling
Dimension: 40
Tolerance used: 1.00000E-10
Number of iterations for Jacobi: 2942
Time used for Jacobi: 0.040643000
Time used for Armadillo: 0.00019800000

|      Analytical        |       Computed        |   Relative Error:   
           9.3894362           9.3894362           3.784E-16
           37.502644           37.502644           1.895E-15
           84.174644           84.174644           3.377E-15
           149.13155           149.13155           3.240E-15
           231.99216           231.99216           2.450E-15
           332.27022           332.27022           2.908E-15
           449.37726           449.37726           4.680E-15
           582.62605           582.62605           2.146E-15
           731.23462           731.23462           1.866E-15
           894.33090           894.33090           5.466E-15
           1070.9578           1070.9578           2.972E-15
           1260.0787           1260.0787           3.068E-15
           1460.5838           1460.5838           3.425E-15
           1671.2966           1671.2966           3.129E-15
           1890.9804           1890.9804           6.613E-15
           2118.3460           2118.3460           5.581E-15
           2352.0592           2352.0592           1.547E-15
           2590.7485           2590.7485           1.931E-15
           2833.0130           2833.0130           4.816E-15
           3077.4313           3077.4313           4.581E-15
           3322.5687           3322.5687           5.748E-15
           3566.9870           3566.9870           4.845E-15
           3809.2515           3809.2515           2.865E-15
           4047.9408           4047.9408           5.505E-15
           4281.6540           4281.6540           5.523E-15
           4509.0196           4509.0196           4.639E-15
           4728.7034           4728.7034           3.270E-15
           4939.4162           4939.4162           1.473E-15
           5139.9213           5139.9213           3.716E-15
           5329.0422           5329.0422           4.096E-15
           5505.6691           5505.6691           3.965E-15
           5668.7654           5668.7654           3.851E-15
           5817.3740           5817.3740           4.847E-15
           5950.6227           5950.6227           1.528E-15
           6067.7298           6067.7298           4.347E-15
           6168.0078           6168.0078           1.475E-15
           6250.8685           6250.8685           1.018E-15
           6315.8254           6315.8254           6.048E-15
           6362.4974           6362.4974           3.288E-15
           6390.6106           6390.6106           1.139E-15
