Method used: buckling
Dimension: 260
Tolerance used: 1.00000E-10
Number of iterations for Jacobi: 127205
Time used for Jacobi: 64.789208
Time used for Armadillo: 0.0075780000

|      Analytical        |       Computed        |   Relative Error:   
           9.7940019           9.7940019           1.094E-12
           39.174589           39.174589           6.185E-13
           88.137503           88.137503           1.927E-13
           156.67565           156.67565           7.710E-14
           244.77911           244.77911           5.701E-14
           352.43510           352.43510           4.355E-14
           479.62803           479.62803           6.720E-14
           626.33948           626.33948           3.122E-14
           792.54819           792.54819           4.562E-14
           978.23008           978.23008           5.381E-14
           1183.3582           1183.3582           5.534E-14
           1407.9030           1407.9030           3.424E-14
           1651.8317           1651.8317           3.400E-14
           1915.1091           1915.1091           1.840E-14
           2197.6971           2197.6971           4.387E-14
           2499.5547           2499.5547           3.639E-14
           2820.6381           2820.6381           3.499E-14
           3160.9009           3160.9009           3.928E-14
           3520.2937           3520.2937           3.901E-14
           3898.7645           3898.7645           3.511E-14
           4296.2584           4296.2584           3.726E-14
           4712.7179           4712.7179           3.339E-14
           5148.0826           5148.0826           3.092E-14
           5602.2895           5602.2895           2.809E-14
           6075.2727           6075.2727           3.728E-14
           6566.9637           6566.9637           3.393E-14
           7077.2913           7077.2913           4.279E-14
           7606.1815           7606.1815           3.169E-14
           8153.5577           8153.5577           2.867E-14
           8719.3406           8719.3406           4.131E-14
           9303.4482           9303.4482           2.952E-14
           9905.7960           9905.7960           3.673E-14
           10526.297           10526.297           3.629E-14
           11164.860           11164.860           3.731E-14
           11821.394           11821.394           3.447E-14
           12495.803           12495.803           2.780E-14
           13187.990           13187.990           2.869E-14
           13897.854           13897.854           3.220E-14
           14625.293           14625.293           2.985E-14
           15370.200           15370.200           3.326E-14
           16132.469           16132.469           3.337E-14
           16911.989           16911.989           3.184E-14
           17708.646           17708.646           3.349E-14
           18522.326           18522.326           3.418E-14
           19352.910           19352.910           3.496E-14
           20200.278           20200.278           3.170E-14
           21064.308           21064.308           3.506E-14
           21944.873           21944.873           3.863E-14
           22841.848           22841.848           2.915E-14
           23755.101           23755.101           3.507E-14
           24684.500           24684.500           2.712E-14
           25629.911           25629.911           3.165E-14
           26591.196           26591.196           3.366E-14
           27568.218           27568.218           2.930E-14
           28560.832           28560.832           3.974E-14
           29568.897           29568.897           3.408E-14
           30592.267           30592.267           3.056E-14
           31630.791           31630.791           3.197E-14
           32684.321           32684.321           3.651E-14
           33752.704           33752.704           3.384E-14
           34835.785           34835.785           3.676E-14
           35933.406           35933.406           3.098E-14
           37045.409           37045.409           2.357E-14
           38171.634           38171.634           3.793E-14
           39311.916           39311.916           4.016E-14
           40466.090           40466.090           3.039E-14
           41633.989           41633.989           3.303E-14
           42815.445           42815.445           3.025E-14
           44010.285           44010.285           3.158E-14
           45218.337           45218.337           3.363E-14
           46439.426           46439.426           2.162E-14
           47673.374           47673.374           3.419E-14
           48920.004           48920.004           3.272E-14
           50179.134           50179.134           3.117E-14
           51450.582           51450.582           3.083E-14
           52734.163           52734.163           3.587E-14
           54029.693           54029.693           3.488E-14
           55336.982           55336.982           3.682E-14
           56655.842           56655.842           2.864E-14
           57986.082           57986.082           3.037E-14
           59327.509           59327.509           3.618E-14
           60679.928           60679.928           3.154E-14
           62043.144           62043.144           3.553E-14
           63416.959           63416.959           3.190E-14
           64801.174           64801.174           3.582E-14
           66195.588           66195.588           3.012E-14
           67600.000           67600.000           4.305E-14
           69014.206           69014.206           3.500E-14
           70438.001           70438.001           3.450E-14
           71871.179           71871.179           3.159E-14
           73313.532           73313.532           2.779E-14
           74764.851           74764.851           3.095E-14
           76224.926           76224.926           2.596E-14
           77693.546           77693.546           3.915E-14
           79170.497           79170.497           4.154E-14
           80655.566           80655.566           3.157E-14
           82148.537           82148.537           2.746E-14
           83649.195           83649.195           3.323E-14
           85157.321           85157.321           3.264E-14
           86672.698           86672.698           3.072E-14
           88195.105           88195.105           3.712E-14
           89724.323           89724.323           2.725E-14
           91260.129           91260.129           3.333E-14
           92802.301           92802.301           3.073E-14
           94350.616           94350.616           3.671E-14
           95904.849           95904.849           2.928E-14
           97464.775           97464.775           2.971E-14
           99030.169           99030.169           2.616E-14
           100600.80           100600.80           3.529E-14
           102176.45           102176.45           3.375E-14
           103756.88           103756.88           2.721E-14
           105341.87           105341.87           2.846E-14
           106931.18           106931.18           3.497E-14
           108524.59           108524.59           2.709E-14
           110121.86           110121.86           3.911E-14
           111722.77           111722.77           2.839E-14
           113327.07           113327.07           2.774E-14
           114934.55           114934.55           3.241E-14
           116544.96           116544.96           3.559E-14
           118158.08           118158.08           3.522E-14
           119773.66           119773.66           2.296E-14
           121391.48           121391.48           2.889E-14
           123011.30           123011.30           3.277E-14
           124632.89           124632.89           2.884E-14
           126256.01           126256.01           2.985E-14
           127880.42           127880.42           3.152E-14
           129505.89           129505.89           2.495E-14
           131132.19           131132.19           3.507E-14
           132759.08           132759.08           3.793E-14
           134386.32           134386.32           2.642E-14
           136013.68           136013.68           3.188E-14
           137640.92           137640.92           3.891E-14
           139267.81           139267.81           3.302E-14
           140894.11           140894.11           4.193E-14
           142519.58           142519.58           3.022E-14
           144143.99           144143.99           3.130E-14
           145767.11           145767.11           2.436E-14
           147388.70           147388.70           3.080E-14
           149008.52           149008.52           2.598E-14
           150626.34           150626.34           2.493E-14
           152241.92           152241.92           3.365E-14
           153855.04           153855.04           3.254E-14
           155465.45           155465.45           2.209E-14
           157072.93           157072.93           3.354E-14
           158677.23           158677.23           2.751E-14
           160278.14           160278.14           3.105E-14
           161875.41           161875.41           3.164E-14
           163468.82           163468.82           4.291E-14
           165058.13           165058.13           2.786E-14
           166643.12           166643.12           3.301E-14
           168223.55           168223.55           2.405E-14
           169799.20           169799.20           3.085E-14
           171369.83           171369.83           3.125E-14
           172935.22           172935.22           3.282E-14
           174495.15           174495.15           2.502E-14
           176049.38           176049.38           2.860E-14
           177597.70           177597.70           3.802E-14
           179139.87           179139.87           2.664E-14
           180675.68           180675.68           2.883E-14
           182204.89           182204.89           3.003E-14
           183727.30           183727.30           3.327E-14
           185242.68           185242.68           3.299E-14
           186750.80           186750.80           2.696E-14
           188251.46           188251.46           3.679E-14
           189744.43           189744.43           2.592E-14
           191229.50           191229.50           3.090E-14
           192706.45           192706.45           3.051E-14
           194175.07           194175.07           3.747E-14
           195635.15           195635.15           2.812E-14
           197086.47           197086.47           3.190E-14
           198528.82           198528.82           3.313E-14
           199962.00           199962.00           2.896E-14
           201385.79           201385.79           3.078E-14
           202800.00           202800.00           2.913E-14
           204204.41           204204.41           3.349E-14
           205598.83           205598.83           3.412E-14
           206983.04           206983.04           2.573E-14
           208356.86           208356.86           3.031E-14
           209720.07           209720.07           3.442E-14
           211072.49           211072.49           2.689E-14
           212413.92           212413.92           2.179E-14
           213744.16           213744.16           3.731E-14
           215063.02           215063.02           2.950E-14
           216370.31           216370.31           3.484E-14
           217665.84           217665.84           3.369E-14
           218949.42           218949.42           3.921E-14
           220220.87           220220.87           2.802E-14
           221480.00           221480.00           3.574E-14
           222726.63           222726.63           2.979E-14
           223960.57           223960.57           3.379E-14
           225181.66           225181.66           2.430E-14
           226389.71           226389.71           3.342E-14
           227584.56           227584.56           3.530E-14
           228766.01           228766.01           3.193E-14
           229933.91           229933.91           3.139E-14
           231088.08           231088.08           3.149E-14
           232228.37           232228.37           2.857E-14
           233354.59           233354.59           3.118E-14
           234466.59           234466.59           3.637E-14
           235564.22           235564.22           2.681E-14
           236647.30           236647.30           3.628E-14
           237715.68           237715.68           2.143E-14
           238769.21           238769.21           3.901E-14
           239807.73           239807.73           2.840E-14
           240831.10           240831.10           2.574E-14
           241839.17           241839.17           3.683E-14
           242831.78           242831.78           2.769E-14
           243808.80           243808.80           3.330E-14
           244770.09           244770.09           2.973E-14
           245715.50           245715.50           3.388E-14
           246644.90           246644.90           2.938E-14
           247558.15           247558.15           3.680E-14
           248455.13           248455.13           3.748E-14
           249335.69           249335.69           3.012E-14
           250199.72           250199.72           3.338E-14
           251047.09           251047.09           3.582E-14
           251877.67           251877.67           3.258E-14
           252691.35           252691.35           3.225E-14
           253488.01           253488.01           2.618E-14
           254267.53           254267.53           3.262E-14
           255029.80           255029.80           2.773E-14
           255774.71           255774.71           3.937E-14
           256502.15           256502.15           3.529E-14
           257212.01           257212.01           3.293E-14
           257904.20           257904.20           3.216E-14
           258578.61           258578.61           3.557E-14
           259235.14           259235.14           3.716E-14
           259873.70           259873.70           3.158E-14
           260494.20           260494.20           3.653E-14
           261096.55           261096.55           3.288E-14
           261680.66           261680.66           4.504E-14
           262246.44           262246.44           3.618E-14
           262793.82           262793.82           3.699E-14
           263322.71           263322.71           3.692E-14
           263833.04           263833.04           3.530E-14
           264324.73           264324.73           4.096E-14
           264797.71           264797.71           3.034E-14
           265251.92           265251.92           2.919E-14
           265687.28           265687.28           3.264E-14
           266103.74           266103.74           3.740E-14
           266501.24           266501.24           3.691E-14
           266879.71           266879.71           2.421E-14
           267239.10           267239.10           3.202E-14
           267579.36           267579.36           3.502E-14
           267900.45           267900.45           3.107E-14
           268202.30           268202.30           3.733E-14
           268484.89           268484.89           2.797E-14
           268748.17           268748.17           3.552E-14
           268992.10           268992.10           4.003E-14
           269216.64           269216.64           3.330E-14
           269421.77           269421.77           4.472E-14
           269607.45           269607.45           3.778E-14
           269773.66           269773.66           4.358E-14
           269920.37           269920.37           3.795E-14
           270047.56           270047.56           4.203E-14
           270155.22           270155.22           2.413E-14
           270243.32           270243.32           4.179E-14
           270311.86           270311.86           4.285E-14
           270360.83           270360.83           4.349E-14
           270390.21           270390.21           4.219E-14
