Method used: buckling
Dimension: 200
Tolerance used: 1.00000E-10
Number of iterations for Jacobi: 74944
Time used for Jacobi: 18.991274
Time used for Armadillo: 0.0042930000

|      Analytical        |       Computed        |   Relative Error:   
           9.7714447           9.7714447           6.366E-13
           39.083392           39.083392           2.093E-13
           87.928681           87.928681           5.220E-14
           156.29538           156.29538           6.837E-14
           244.16679           244.16679           1.141E-14
           351.52144           351.52144           2.506E-14
           478.33311           478.33311           2.888E-14
           624.57081           624.57081           2.075E-14
           790.19884           790.19884           1.755E-14
           975.17672           975.17672           3.276E-14
           1179.4593           1179.4593           2.236E-14
           1402.9966           1402.9966           1.896E-14
           1645.7340           1645.7340           2.155E-14
           1907.6124           1907.6124           2.539E-14
           2188.5676           2188.5676           2.680E-14
           2488.5310           2488.5310           2.266E-14
           2807.4295           2807.4295           2.187E-14
           3145.1850           3145.1850           2.053E-14
           3501.7151           3501.7151           2.558E-14
           3876.9326           3876.9326           3.190E-14
           4270.7460           4270.7460           1.874E-14
           4683.0589           4683.0589           2.835E-14
           5113.7708           5113.7708           2.970E-14
           5562.7763           5562.7763           2.681E-14
           6029.9658           6029.9658           2.896E-14
           6515.2251           6515.2251           3.099E-14
           7018.4358           7018.4358           3.136E-14
           7539.4748           7539.4748           2.256E-14
           8078.2150           8078.2150           2.792E-14
           8634.5246           8634.5246           2.528E-14
           9208.2678           9208.2678           1.975E-14
           9799.3045           9799.3045           2.450E-14
           10407.490           10407.490           2.796E-14
           11032.676           11032.676           2.209E-14
           11674.710           11674.710           3.210E-14
           12333.435           12333.435           1.976E-14
           13008.690           13008.690           2.894E-14
           13700.310           13700.310           1.899E-14
           14408.126           14408.126           3.131E-14
           15131.965           15131.965           2.753E-14
           15871.651           15871.651           2.372E-14
           16627.002           16627.002           3.391E-14
           17397.835           17397.835           2.426E-14
           18183.960           18183.960           2.241E-14
           18985.186           18985.186           2.625E-14
           19801.317           19801.317           3.381E-14
           20632.154           20632.154           2.204E-14
           21477.493           21477.493           2.202E-14
           22337.129           22337.129           2.231E-14
           23210.851           23210.851           2.367E-14
           24098.446           24098.446           2.400E-14
           24999.697           24999.697           2.154E-14
           25914.383           25914.383           2.695E-14
           26842.282           26842.282           2.399E-14
           27783.167           27783.167           2.632E-14
           28736.807           28736.807           2.064E-14
           29702.971           29702.971           2.731E-14
           30681.421           30681.421           2.265E-14
           31671.919           31671.919           2.470E-14
           32674.223           32674.223           2.617E-14
           33688.088           33688.088           2.181E-14
           34713.266           34713.266           2.788E-14
           35749.508           35749.508           3.134E-14
           36796.559           36796.559           2.531E-14
           37854.164           37854.164           2.653E-14
           38922.065           38922.065           2.449E-14
           40000.000           40000.000           2.019E-14
           41087.707           41087.707           2.160E-14
           42184.920           42184.920           1.897E-14
           43291.370           43291.370           2.958E-14
           44406.788           44406.788           3.146E-14
           45530.900           45530.900           2.637E-14
           46663.433           46663.433           1.840E-14
           47804.110           47804.110           2.420E-14
           48952.652           48952.652           2.229E-14
           50108.778           50108.778           2.236E-14
           51272.206           51272.206           1.703E-14
           52442.652           52442.652           2.109E-14
           53619.830           53619.830           2.877E-14
           54803.452           54803.452           2.775E-14
           55993.229           55993.229           2.157E-14
           57188.871           57188.871           2.379E-14
           58390.085           58390.085           1.994E-14
           59596.579           59596.579           2.381E-14
           60808.056           60808.056           2.010E-14
           62024.222           62024.222           2.593E-14
           63244.779           63244.779           2.761E-14
           64469.429           64469.429           2.347E-14
           65697.873           65697.873           1.617E-14
           66929.811           66929.811           2.218E-14
           68164.942           68164.942           1.943E-14
           69402.964           69402.964           2.474E-14
           70643.574           70643.574           2.843E-14
           71886.470           71886.470           2.551E-14
           73131.349           73131.349           2.467E-14
           74377.905           74377.905           2.485E-14
           75625.834           75625.834           2.290E-14
           76874.833           76874.833           2.101E-14
           78124.594           78124.594           2.123E-14
           79374.814           79374.814           1.558E-14
           80625.186           80625.186           3.086E-14
           81875.406           81875.406           2.986E-14
           83125.167           83125.167           1.821E-14
           84374.166           84374.166           2.225E-14
           85622.095           85622.095           3.059E-14
           86868.651           86868.651           2.664E-14
           88113.530           88113.530           1.701E-14
           89356.426           89356.426           2.345E-14
           90597.036           90597.036           2.795E-14
           91835.058           91835.058           2.694E-14
           93070.189           93070.189           1.892E-14
           94302.127           94302.127           1.929E-14
           95530.571           95530.571           3.001E-14
           96755.221           96755.221           2.542E-14
           97975.778           97975.778           2.466E-14
           99191.944           99191.944           2.186E-14
           100403.42           100403.42           2.131E-14
           101609.91           101609.91           2.334E-14
           102811.13           102811.13           2.321E-14
           104006.77           104006.77           1.875E-14
           105196.55           105196.55           2.144E-14
           106380.17           106380.17           2.968E-14
           107557.35           107557.35           2.801E-14
           108727.79           108727.79           1.740E-14
           109891.22           109891.22           3.496E-14
           111047.35           111047.35           2.464E-14
           112195.89           112195.89           2.283E-14
           113336.57           113336.57           3.338E-14
           114469.10           114469.10           2.276E-14
           115593.21           115593.21           2.757E-14
           116708.63           116708.63           2.992E-14
           117815.08           117815.08           1.865E-14
           118912.29           118912.29           2.570E-14
           120000.00           120000.00           3.347E-14
           121077.94           121077.94           2.620E-14
           122145.84           122145.84           2.252E-14
           123203.44           123203.44           2.882E-14
           124250.49           124250.49           2.167E-14
           125286.73           125286.73           2.439E-14
           126311.91           126311.91           2.811E-14
           127325.78           127325.78           1.817E-14
           128328.08           128328.08           2.722E-14
           129318.58           129318.58           2.746E-14
           130297.03           130297.03           2.155E-14
           131263.19           131263.19           3.060E-14
           132216.83           132216.83           2.928E-14
           133157.72           133157.72           3.388E-14
           134085.62           134085.62           2.344E-14
           135000.30           135000.30           2.048E-14
           135901.55           135901.55           2.099E-14
           136789.15           136789.15           2.340E-14
           137662.87           137662.87           1.924E-14
           138522.51           138522.51           2.878E-14
           139367.85           139367.85           2.527E-14
           140198.68           140198.68           2.553E-14
           141014.81           141014.81           2.126E-14
           141816.04           141816.04           3.386E-14
           142602.17           142602.17           2.919E-14
           143373.00           143373.00           1.340E-14
           144128.35           144128.35           2.342E-14
           144868.03           144868.03           2.230E-14
           145591.87           145591.87           2.119E-14
           146299.69           146299.69           2.467E-14
           146991.31           146991.31           2.138E-14
           147666.56           147666.56           2.306E-14
           148325.29           148325.29           1.668E-14
           148967.32           148967.32           2.677E-14
           149592.51           149592.51           2.957E-14
           150200.70           150200.70           2.577E-14
           150791.73           150791.73           2.007E-14
           151365.48           151365.48           2.769E-14
           151921.79           151921.79           2.663E-14
           152460.53           152460.53           2.844E-14
           152981.56           152981.56           3.101E-14
           153484.77           153484.77           2.958E-14
           153970.03           153970.03           2.816E-14
           154437.22           154437.22           2.714E-14
           154886.23           154886.23           3.213E-14
           155316.94           155316.94           2.473E-14
           155729.25           155729.25           2.243E-14
           156123.07           156123.07           2.367E-14
           156498.28           156498.28           3.031E-14
           156854.82           156854.82           3.340E-14
           157192.57           157192.57           3.296E-14
           157511.47           157511.47           3.141E-14
           157811.43           157811.43           2.877E-14
           158092.39           158092.39           2.540E-14
           158354.27           158354.27           2.591E-14
           158597.00           158597.00           3.175E-14
           158820.54           158820.54           3.298E-14
           159024.82           159024.82           2.764E-14
           159209.80           159209.80           2.523E-14
           159375.43           159375.43           3.104E-14
           159521.67           159521.67           2.737E-14
           159648.48           159648.48           3.336E-14
           159755.83           159755.83           2.660E-14
           159843.70           159843.70           2.749E-14
           159912.07           159912.07           2.694E-14
           159960.92           159960.92           3.621E-14
           159990.23           159990.23           3.129E-14
