Method used: buckling
Dimension: 60
Tolerance used: 1.00000E-10
Number of iterations for Jacobi: 6693
Time used for Jacobi: 0.17360900
Time used for Armadillo: 0.00031000000

|      Analytical        |       Computed        |   Relative Error:   
           9.5465528           9.5465528           3.535E-14
           38.160896           38.160896           2.793E-15
           85.767148           85.767148           7.622E-15
           152.23907           152.23907           1.867E-15
           237.40038           237.40038           5.507E-15
           341.02526           341.02526           1.667E-15
           462.83890           462.83890           7.246E-15
           602.51829           602.51829           5.849E-15
           759.69301           759.69301           5.088E-15
           933.94626           933.94626           6.573E-15
           1124.8160           1124.8160           5.458E-15
           1331.7960           1331.7960           4.951E-15
           1554.3374           1554.3374           9.947E-15
           1791.8501           1791.8501           8.756E-15
           2043.7042           2043.7042           5.229E-15
           2309.2320           2309.2320           7.483E-15
           2587.7291           2587.7291           5.799E-15
           2878.4572           2878.4572           6.793E-15
           3180.6452           3180.6452           4.718E-15
           3493.4918           3493.4918           7.029E-15
           3816.1675           3816.1675           5.601E-15
           4147.8164           4147.8164           5.920E-15
           4487.5592           4487.5592           7.904E-15
           4834.4949           4834.4949           7.713E-15
           5187.7034           5187.7034           5.084E-15
           5546.2483           5546.2483           4.756E-15
           5909.1785           5909.1785           2.155E-15
           6275.5318           6275.5318           4.928E-15
           6644.3367           6644.3367           3.422E-15
           7014.6150           7014.6150           5.316E-15
           7385.3850           7385.3850           4.064E-15
           7755.6633           7755.6633           5.043E-15
           8124.4682           8124.4682           3.582E-15
           8490.8215           8490.8215           7.712E-15
           8853.7517           8853.7517           4.314E-15
           9212.2966           9212.2966           8.293E-15
           9565.5051           9565.5051           5.134E-15
           9912.4408           9912.4408           5.322E-15
           10252.184           10252.184           7.629E-15
           10583.833           10583.833           2.578E-15
           10906.508           10906.508           4.336E-15
           11219.355           11219.355           1.297E-15
           11521.543           11521.543           4.263E-15
           11812.271           11812.271           7.392E-15
           12090.768           12090.768           5.566E-15
           12356.296           12356.296           7.802E-15
           12608.150           12608.150           3.030E-15
           12845.663           12845.663           4.673E-15
           13068.204           13068.204           4.315E-15
           13275.184           13275.184           5.755E-15
           13466.054           13466.054           7.024E-15
           13640.307           13640.307           4.001E-15
           13797.482           13797.482           3.691E-15
           13937.161           13937.161           6.134E-15
           14058.975           14058.975           4.917E-15
           14162.600           14162.600           5.394E-15
           14247.761           14247.761           2.043E-15
           14314.233           14314.233           4.066E-15
           14361.839           14361.839           4.686E-15
           14390.453           14390.453           6.067E-15
