Method used: buckling
Dimension: 50
Tolerance used: 1.00000E-10
Number of iterations for Jacobi: 4589
Time used for Jacobi: 0.088551000
Time used for Armadillo: 0.00021300000

|      Analytical        |       Computed        |   Relative Error:   
           9.4833563           9.4833563           1.873E-16
           37.897452           37.897452           6.750E-15
           85.134502           85.134502           3.505E-15
           151.01532           151.01532           5.646E-15
           235.29000           235.29000           4.228E-15
           337.63885           337.63885           8.081E-15
           457.67364           457.67364           4.347E-15
           594.93903           594.93903           2.484E-15
           748.91432           748.91432           3.947E-15
           919.01544           919.01544           6.556E-15
           1104.5971           1104.5971           8.851E-15
           1304.9554           1304.9554           5.227E-15
           1519.3303           1519.3303           2.544E-15
           1746.9085           1746.9085           3.775E-15
           1986.8268           1986.8268           6.409E-15
           2238.1751           2238.1751           6.705E-15
           2500.0000           2500.0000           9.095E-16
           2771.3082           2771.3082           6.071E-15
           3051.0706           3051.0706           5.515E-15
           3338.2260           3338.2260           4.087E-15
           3631.6850           3631.6850           7.388E-15
           3930.3346           3930.3346           4.975E-15
           4233.0417           4233.0417           3.008E-15
           4538.6582           4538.6582           4.008E-15
           4846.0247           4846.0247           4.692E-15
           5153.9753           5153.9753           3.353E-15
           5461.3418           5461.3418           5.662E-15
           5766.9583           5766.9583           4.258E-15
           6069.6654           6069.6654           5.994E-15
           6368.3150           6368.3150           3.713E-15
           6661.7740           6661.7740           5.598E-15
           6948.9294           6948.9294           4.188E-15
           7228.6918           7228.6918           6.291E-16
           7500.0000           7500.0000           6.548E-15
           7761.8249           7761.8249           5.624E-15
           8013.1732           8013.1732           6.015E-15
           8253.0915           8253.0915           6.612E-15
           8480.6697           8480.6697           5.148E-15
           8695.0446           8695.0446           5.021E-15
           8895.4029           8895.4029           4.499E-15
           9080.9846           9080.9846           5.008E-15
           9251.0857           9251.0857           1.770E-15
           9405.0610           9405.0610           6.576E-15
           9542.3264           9542.3264           4.003E-15
           9662.3611           9662.3611           4.142E-15
           9764.7100           9764.7100           3.912E-15
           9848.9847           9848.9847           5.910E-15
           9914.8655           9914.8655           3.302E-15
           9962.1025           9962.1025           4.200E-15
           9990.5166           9990.5166           6.737E-15
