Method used: buckling
Dimension: 100
Tolerance used: 1.00000E-10
Number of iterations for Jacobi: 18773
Time used for Jacobi: 1.2702010
Time used for Armadillo: 0.0011310000

|      Analytical        |       Computed        |   Relative Error:   
           9.6743542           9.6743542           6.849E-14
           38.688057           38.688057           1.194E-14
           87.013041           87.013041           1.307E-14
           154.60255           154.60255           1.195E-14
           241.39121           241.39121           3.297E-15
           347.29504           347.29504           1.146E-14
           472.21159           472.21159           7.945E-15
           616.02002           616.02002           9.412E-15
           778.58119           778.58119           6.425E-15
           959.73785           959.73785           1.303E-14
           1159.3147           1159.3147           1.236E-14
           1377.1188           1377.1188           6.935E-15
           1612.9392           1612.9392           9.586E-15
           1866.5480           1866.5480           1.035E-14
           2137.6997           2137.6997           1.106E-14
           2426.1320           2426.1320           1.181E-14
           2731.5659           2731.5659           5.494E-15
           3053.7059           3053.7059           8.041E-15
           3392.2403           3392.2403           1.260E-14
           3746.8417           3746.8417           1.638E-14
           4117.1670           4117.1670           6.406E-15
           4502.8579           4502.8579           1.071E-14
           4903.5412           4903.5412           1.354E-14
           5318.8294           5318.8294           1.163E-14
           5748.3207           5748.3207           3.481E-15
           6191.5996           6191.5996           1.675E-14
           6648.2372           6648.2372           1.108E-14
           7117.7918           7117.7918           1.252E-14
           7599.8091           7599.8091           1.137E-14
           8093.8227           8093.8227           1.517E-14
           8599.3548           8599.3548           1.079E-14
           9115.9163           9115.9163           1.357E-14
           9643.0075           9643.0075           1.302E-14
           10180.118           10180.118           1.269E-14
           10726.729           10726.729           1.068E-14
           11282.312           11282.312           1.080E-14
           11846.328           11846.328           7.063E-15
           12418.232           12418.232           1.304E-14
           12997.471           12997.471           9.377E-15
           13583.485           13583.485           1.165E-14
           14175.706           14175.706           1.104E-14
           14773.562           14773.562           9.357E-15
           15376.474           15376.474           8.991E-15
           15983.859           15983.859           8.535E-15
           16595.129           16595.129           8.769E-15
           17209.693           17209.693           1.247E-14
           17826.957           17826.957           3.877E-15
           18446.323           18446.323           1.381E-14
           19067.192           19067.192           8.967E-15
           19688.964           19688.964           6.097E-15
           20311.036           20311.036           1.128E-14
           20932.808           20932.808           7.647E-15
           21553.677           21553.677           1.080E-14
           22173.043           22173.043           1.345E-14
           22790.307           22790.307           9.737E-15
           23404.871           23404.871           9.482E-15
           24016.141           24016.141           1.197E-14
           24623.526           24623.526           5.614E-15
           25226.438           25226.438           1.586E-14
           25824.294           25824.294           1.057E-14
           26416.515           26416.515           1.363E-14
           27002.529           27002.529           9.296E-15
           27581.768           27581.768           1.596E-14
           28153.672           28153.672           1.240E-14
           28717.688           28717.688           7.854E-15
           29273.271           29273.271           9.445E-15
           29819.882           29819.882           1.232E-14
           30356.992           30356.992           9.707E-15
           30884.084           30884.084           1.472E-14
           31400.645           31400.645           1.228E-14
           31906.177           31906.177           1.174E-14
           32400.191           32400.191           1.426E-14
           32882.208           32882.208           7.081E-15
           33351.763           33351.763           1.309E-14
           33808.400           33808.400           6.456E-15
           34251.679           34251.679           1.041E-14
           34681.171           34681.171           3.986E-15
           35096.459           35096.459           8.500E-15
           35497.142           35497.142           1.127E-14
           35882.833           35882.833           1.176E-14
           36253.158           36253.158           8.028E-15
           36607.760           36607.760           9.938E-15
           36946.294           36946.294           1.260E-14
           37268.434           37268.434           1.699E-14
           37573.868           37573.868           1.336E-14
           37862.300           37862.300           8.648E-15
           38133.452           38133.452           8.968E-15
           38387.061           38387.061           1.213E-14
           38622.881           38622.881           1.168E-14
           38840.685           38840.685           1.349E-14
           39040.262           39040.262           1.025E-14
           39221.419           39221.419           1.391E-14
           39383.980           39383.980           9.791E-15
           39527.788           39527.788           8.835E-15
           39652.705           39652.705           1.138E-14
           39758.609           39758.609           1.080E-14
           39845.397           39845.397           1.096E-14
           39912.987           39912.987           1.458E-14
           39961.312           39961.312           1.566E-14
           39990.326           39990.326           1.401E-14
