Method used: buckling
Dimension: 160
Tolerance used: 1.00000E-10
Number of iterations for Jacobi: 48159
Time used for Jacobi: 8.0406020
Time used for Armadillo: 0.0025710000

|      Analytical        |       Computed        |   Relative Error:   
           9.7470721           9.7470721           7.707E-13
           38.984577           38.984577           9.514E-14
           87.701383           87.701383           1.653E-14
           155.87894           155.87894           5.288E-15
           243.49129           243.49129           1.167E-16
           350.50508           350.50508           2.206E-14
           476.87956           476.87956           1.609E-14
           622.56662           622.56662           2.301E-14
           787.51078           787.51078           1.516E-14
           971.64924           971.64924           1.568E-14
           1174.9119           1174.9119           2.284E-14
           1397.2214           1397.2214           1.025E-14
           1638.4930           1638.4930           1.360E-14
           1898.6349           1898.6349           2.287E-14
           2177.5481           2177.5481           1.733E-14
           2475.1263           2475.1263           1.672E-14
           2791.2562           2791.2562           1.417E-14
           3125.8176           3125.8176           2.211E-14
           3478.6830           3478.6830           2.693E-14
           3849.7180           3849.7180           1.465E-14
           4238.7814           4238.7814           2.553E-14
           4645.7250           4645.7250           1.762E-14
           5070.3940           5070.3940           1.722E-14
           5512.6265           5512.6265           2.029E-14
           5972.2543           5972.2543           2.025E-14
           6449.1024           6449.1024           2.073E-14
           6942.9891           6942.9891           2.489E-14
           7453.7265           7453.7265           1.842E-14
           7981.1200           7981.1200           2.211E-14
           8524.9689           8524.9689           2.112E-14
           9085.0662           9085.0662           2.282E-14
           9661.1984           9661.1984           2.203E-14
           10253.146           10253.146           2.218E-14
           10860.685           10860.685           1.926E-14
           11483.582           11483.582           2.028E-14
           12121.601           12121.601           1.876E-14
           12774.499           12774.499           2.634E-14
           13442.027           13442.027           2.409E-14
           14123.932           14123.932           1.919E-14
           14819.953           14819.953           2.050E-14
           15529.825           15529.825           2.319E-14
           16253.279           16253.279           1.813E-14
           16990.039           16990.039           1.692E-14
           17739.823           17739.823           2.010E-14
           18502.348           18502.348           2.202E-14
           19277.322           19277.322           1.472E-14
           20064.451           20064.451           1.324E-14
           20863.434           20863.434           1.831E-14
           21673.968           21673.968           1.527E-14
           22495.743           22495.743           2.038E-14
           23328.448           23328.448           1.279E-14
           24171.764           24171.764           2.212E-14
           25025.372           25025.372           1.759E-14
           25888.945           25888.945           2.291E-14
           26762.155           26762.155           1.455E-14
           27644.670           27644.670           2.290E-14
           28536.154           28536.154           2.129E-14
           29436.266           29436.266           1.434E-14
           30344.665           30344.665           1.894E-14
           31261.005           31261.005           1.385E-14
           32184.936           32184.936           1.752E-14
           33116.107           33116.107           1.670E-14
           34054.164           34054.164           1.602E-14
           34998.749           34998.749           1.684E-14
           35949.502           35949.502           1.822E-14
           36906.062           36906.062           2.031E-14
           37868.064           37868.064           2.459E-14
           38835.142           38835.142           1.480E-14
           39806.928           39806.928           1.736E-14
           40783.052           40783.052           2.426E-14
           41763.142           41763.142           1.498E-14
           42746.825           42746.825           1.974E-14
           43733.727           43733.727           1.597E-14
           44723.472           44723.472           1.171E-14
           45715.682           45715.682           1.703E-14
           46709.980           46709.980           2.181E-14
           47705.988           47705.988           2.578E-14
           48703.327           48703.327           1.673E-14
           49701.616           49701.616           2.328E-14
           50700.475           50700.475           1.894E-14
           51699.525           51699.525           1.731E-14
           52698.384           52698.384           2.540E-14
           53696.673           53696.673           2.276E-14
           54694.012           54694.012           1.743E-14
           55690.020           55690.020           2.299E-14
           56684.318           56684.318           2.169E-14
           57676.528           57676.528           1.640E-14
           58666.273           58666.273           2.183E-14
           59653.175           59653.175           1.537E-14
           60636.858           60636.858           2.112E-14
           61616.948           61616.948           1.547E-14
           62593.072           62593.072           1.581E-14
           63564.858           63564.858           2.278E-14
           64531.936           64531.936           1.939E-14
           65493.938           65493.938           1.366E-14
           66450.498           66450.498           2.256E-14
           67401.251           67401.251           2.051E-14
           68345.836           68345.836           1.895E-14
           69283.893           69283.893           2.478E-14
           70215.064           70215.064           1.596E-14
           71138.995           71138.995           2.107E-14
           72055.335           72055.335           1.757E-14
           72963.734           72963.734           1.596E-14
           73863.846           73863.846           1.714E-14
           74755.330           74755.330           1.285E-14
           75637.845           75637.845           1.655E-14
           76511.055           76511.055           2.035E-14
           77374.628           77374.628           2.182E-14
           78228.236           78228.236           1.860E-14
           79071.552           79071.552           1.712E-14
           79904.257           79904.257           1.675E-14
           80726.032           80726.032           2.145E-14
           81536.566           81536.566           1.731E-14
           82335.549           82335.549           1.414E-14
           83122.678           83122.678           1.698E-14
           83897.652           83897.652           1.665E-14
           84660.177           84660.177           2.045E-14
           85409.961           85409.961           2.010E-14
           86146.721           86146.721           2.280E-14
           86870.175           86870.175           2.044E-14
           87580.047           87580.047           1.545E-14
           88276.068           88276.068           1.681E-14
           88957.973           88957.973           2.192E-14
           89625.501           89625.501           1.721E-14
           90278.399           90278.399           2.015E-14
           90916.418           90916.418           1.681E-14
           91539.315           91539.315           1.892E-14
           92146.854           92146.854           1.942E-14
           92738.802           92738.802           2.432E-14
           93314.934           93314.934           1.778E-14
           93875.031           93875.031           1.380E-14
           94418.880           94418.880           2.435E-14
           94946.274           94946.274           1.824E-14
           95457.011           95457.011           1.738E-14
           95950.898           95950.898           1.865E-14
           96427.746           96427.746           1.011E-14
           96887.373           96887.373           2.313E-14
           97329.606           97329.606           1.450E-14
           97754.275           97754.275           2.292E-14
           98161.219           98161.219           1.779E-14
           98550.282           98550.282           2.171E-14
           98921.317           98921.317           1.868E-14
           99274.182           99274.182           1.598E-14
           99608.744           99608.744           1.709E-14
           99924.874           99924.874           1.471E-14
           100222.45           100222.45           2.555E-14
           100501.37           100501.37           2.157E-14
           100761.51           100761.51           1.762E-14
           101002.78           101002.78           2.680E-14
           101225.09           101225.09           2.674E-14
           101428.35           101428.35           2.238E-14
           101612.49           101612.49           2.535E-14
           101777.43           101777.43           2.259E-14
           101923.12           101923.12           1.899E-14
           102049.49           102049.49           1.797E-14
           102156.51           102156.51           2.023E-14
           102244.12           102244.12           1.822E-14
           102312.30           102312.30           2.389E-14
           102361.02           102361.02           2.516E-14
           102390.25           102390.25           2.061E-14
