Method used: buckling
Dimension: 270
Tolerance used: 1.00000E-10
Number of iterations for Jacobi: 137055
Time used for Jacobi: 66.651787
Time used for Armadillo: 0.0082110000

|      Analytical        |       Computed        |   Relative Error:   
           9.7967907           9.7967907           5.344E-13
           39.185846           39.185846           2.631E-13
           88.163217           88.163217           1.425E-13
           156.72232           156.72232           8.360E-14
           244.85394           244.85394           8.880E-14
           352.54625           352.54625           3.854E-14
           479.78475           479.78475           1.517E-14
           626.55236           626.55236           4.572E-14
           792.82935           792.82935           4.746E-14
           978.59337           978.59337           6.006E-14
           1183.8195           1183.8195           3.861E-14
           1408.4801           1408.4801           3.697E-14
           1652.5449           1652.5449           3.674E-14
           1915.9813           1915.9813           3.608E-14
           2198.7538           2198.7538           5.377E-14
           2500.8244           2500.8244           3.219E-14
           2822.1525           2822.1525           3.255E-14
           3162.6949           3162.6949           3.163E-14
           3522.4059           3522.4059           3.692E-14
           3901.2371           3901.2371           3.322E-14
           4299.1376           4299.1376           4.358E-14
           4716.0539           4716.0539           3.741E-14
           5151.9300           5151.9300           3.619E-14
           5606.7074           5606.7074           4.282E-14
           6080.3249           6080.3249           3.739E-14
           6572.7188           6572.7188           3.681E-14
           7083.8231           7083.8231           3.800E-14
           7613.5689           7613.5689           3.691E-14
           8161.8852           8161.8852           3.889E-14
           8728.6982           8728.6982           3.397E-14
           9313.9317           9313.9317           3.613E-14
           9917.5072           9917.5072           4.163E-14
           10539.343           10539.343           4.349E-14
           11179.357           11179.357           3.710E-14
           11837.462           11837.462           4.026E-14
           12513.569           12513.569           3.343E-14
           13207.589           13207.589           3.002E-14
           13919.427           13919.427           3.842E-14
           14648.988           14648.988           3.092E-14
           15396.174           15396.174           3.485E-14
           16160.885           16160.885           2.431E-14
           16943.017           16943.017           3.156E-14
           17742.466           17742.466           4.101E-14
           18559.124           18559.124           3.450E-14
           19392.882           19392.882           4.127E-14
           20243.627           20243.627           3.325E-14
           21111.245           21111.245           3.378E-14
           21995.620           21995.620           3.821E-14
           22896.633           22896.633           3.321E-14
           23814.162           23814.162           3.987E-14
           24748.084           24748.084           3.263E-14
           25698.274           25698.274           3.865E-14
           26664.604           26664.604           3.288E-14
           27646.945           27646.945           3.698E-14
           28645.163           28645.163           4.280E-14
           29659.126           29659.126           4.072E-14
           30688.696           30688.696           3.817E-14
           31733.736           31733.736           3.554E-14
           32794.105           32794.105           4.105E-14
           33869.660           33869.660           3.716E-14
           34960.257           34960.257           4.412E-14
           36065.750           36065.750           3.248E-14
           37185.989           37185.989           3.522E-14
           38320.825           38320.825           3.589E-14
           39470.105           39470.105           3.300E-14
           40633.674           40633.674           2.972E-14
           41811.375           41811.375           3.689E-14
           43003.052           43003.052           3.113E-14
           44208.543           44208.543           3.621E-14
           45427.686           45427.686           3.764E-14
           46660.319           46660.319           3.555E-14
           47906.274           47906.274           3.782E-14
           49165.385           49165.385           3.507E-14
           50437.482           50437.482           3.549E-14
           51722.395           51722.395           3.672E-14
           53019.951           53019.951           3.499E-14
           54329.975           54329.975           3.402E-14
           55652.291           55652.291           3.085E-14
           56986.722           56986.722           4.188E-14
           58333.088           58333.088           3.742E-14
           59691.209           59691.209           3.840E-14
           61060.902           61060.902           3.062E-14
           62441.982           62441.982           3.391E-14
           63834.265           63834.265           4.103E-14
           65237.562           65237.562           2.833E-14
           66651.687           66651.687           3.886E-14
           68076.447           68076.447           3.335E-14
           69511.653           69511.653           4.019E-14
           70957.111           70957.111           3.322E-14
           72412.627           72412.627           3.577E-14
           73878.005           73878.005           2.305E-14
           75353.048           75353.048           3.090E-14
           76837.559           76837.559           3.523E-14
           78331.337           78331.337           4.421E-14
           79834.182           79834.182           3.755E-14
           81345.892           81345.892           4.114E-14
           82866.264           82866.264           2.704E-14
           84395.093           84395.093           3.604E-14
           85932.174           85932.174           3.539E-14
           87477.301           87477.301           3.443E-14
           89030.265           89030.265           3.580E-14
           90590.859           90590.859           3.743E-14
           92158.872           92158.872           3.632E-14
           93734.093           93734.093           3.540E-14
           95316.312           95316.312           3.924E-14
           96905.315           96905.315           2.853E-14
           98500.889           98500.889           3.117E-14
           100102.82           100102.82           4.012E-14
           101710.89           101710.89           4.149E-14
           103324.89           103324.89           3.155E-14
           104944.59           104944.59           3.217E-14
           106569.78           106569.78           3.018E-14
           108200.25           108200.25           2.797E-14
           109835.77           109835.77           3.842E-14
           111476.12           111476.12           3.211E-14
           113121.09           113121.09           2.714E-14
           114770.45           114770.45           2.536E-14
           116423.97           116423.97           4.037E-14
           118081.45           118081.45           2.773E-14
           119742.65           119742.65           3.403E-14
           121407.35           121407.35           3.020E-14
           123075.33           123075.33           3.925E-14
           124746.36           124746.36           3.710E-14
           126420.22           126420.22           3.384E-14
           128096.69           128096.69           3.942E-14
           129775.54           129775.54           2.938E-14
           131456.54           131456.54           2.635E-14
           133139.46           133139.46           3.148E-14
           134824.09           134824.09           3.411E-14
           136510.20           136510.20           3.475E-14
           138197.55           138197.55           3.285E-14
           139885.92           139885.92           4.057E-14
           141575.09           141575.09           3.906E-14
           143264.83           143264.83           3.941E-14
           144954.90           144954.90           3.835E-14
           146645.10           146645.10           3.691E-14
           148335.17           148335.17           3.355E-14
           150024.91           150024.91           3.628E-14
           151714.08           151714.08           3.626E-14
           153402.45           153402.45           4.534E-14
           155089.80           155089.80           3.397E-14
           156775.91           156775.91           3.212E-14
           158460.54           158460.54           3.086E-14
           160143.46           160143.46           1.945E-14
           161824.46           161824.46           3.453E-14
           163503.31           163503.31           4.147E-14
           165179.78           165179.78           3.436E-14
           166853.64           166853.64           3.297E-14
           168524.67           168524.67           3.368E-14
           170192.65           170192.65           3.403E-14
           171857.35           171857.35           3.522E-14
           173518.55           173518.55           4.076E-14
           175176.03           175176.03           4.104E-14
           176829.55           176829.55           2.880E-14
           178478.91           178478.91           3.767E-14
           180123.88           180123.88           3.716E-14
           181764.23           181764.23           2.994E-14
           183399.75           183399.75           2.333E-14
           185030.22           185030.22           3.445E-14
           186655.41           186655.41           3.945E-14
           188275.11           188275.11           3.911E-14
           189889.11           189889.11           3.878E-14
           191497.18           191497.18           3.496E-14
           193099.11           193099.11           2.954E-14
           194694.69           194694.69           3.647E-14
           196283.69           196283.69           3.114E-14
           197865.91           197865.91           4.045E-14
           199441.13           199441.13           2.933E-14
           201009.14           201009.14           3.127E-14
           202569.73           202569.73           3.937E-14
           204122.70           204122.70           3.992E-14
           205667.83           205667.83           3.439E-14
           207204.91           207204.91           3.596E-14
           208733.74           208733.74           3.026E-14
           210254.11           210254.11           3.488E-14
           211765.82           211765.82           3.642E-14
           213268.66           213268.66           3.275E-14
           214762.44           214762.44           3.334E-14
           216246.95           216246.95           3.741E-14
           217722.00           217722.00           3.382E-14
           219187.37           219187.37           2.948E-14
           220642.89           220642.89           3.838E-14
           222088.35           222088.35           3.761E-14
           223523.55           223523.55           3.516E-14
           224948.31           224948.31           3.403E-14
           226362.44           226362.44           3.870E-14
           227765.74           227765.74           3.424E-14
           229158.02           229158.02           4.242E-14
           230539.10           230539.10           3.636E-14
           231908.79           231908.79           2.661E-14
           233266.91           233266.91           3.444E-14
           234613.28           234613.28           2.940E-14
           235947.71           235947.71           2.874E-14
           237270.03           237270.03           3.520E-14
           238580.05           238580.05           3.599E-14
           239877.60           239877.60           2.960E-14
           241162.52           241162.52           3.536E-14
           242434.62           242434.62           3.493E-14
           243693.73           243693.73           3.117E-14
           244939.68           244939.68           4.052E-14
           246172.31           246172.31           3.594E-14
           247391.46           247391.46           3.623E-14
           248596.95           248596.95           3.196E-14
           249788.62           249788.62           3.239E-14
           250966.33           250966.33           3.340E-14
           252129.90           252129.90           3.371E-14
           253279.17           253279.17           3.459E-14
           254414.01           254414.01           4.370E-14
           255534.25           255534.25           3.508E-14
           256639.74           256639.74           3.062E-14
           257730.34           257730.34           3.117E-14
           258805.90           258805.90           3.733E-14
           259866.26           259866.26           3.225E-14
           260911.30           260911.30           3.447E-14
           261940.87           261940.87           2.844E-14
           262954.84           262954.84           3.365E-14
           263953.06           263953.06           3.462E-14
           264935.40           264935.40           3.889E-14
           265901.73           265901.73           3.108E-14
           266851.92           266851.92           4.057E-14
           267785.84           267785.84           4.000E-14
           268703.37           268703.37           3.011E-14
           269604.38           269604.38           3.994E-14
           270488.75           270488.75           4.046E-14
           271356.37           271356.37           4.097E-14
           272207.12           272207.12           3.913E-14
           273040.88           273040.88           4.178E-14
           273857.53           273857.53           3.103E-14
           274656.98           274656.98           2.925E-14
           275439.12           275439.12           3.297E-14
           276203.83           276203.83           3.288E-14
           276951.01           276951.01           3.342E-14
           277680.57           277680.57           3.647E-14
           278392.41           278392.41           3.366E-14
           279086.43           279086.43           3.483E-14
           279762.54           279762.54           4.140E-14
           280420.64           280420.64           4.255E-14
           281060.66           281060.66           3.749E-14
           281682.49           281682.49           3.472E-14
           282286.07           282286.07           3.196E-14
           282871.30           282871.30           4.630E-14
           283438.11           283438.11           2.855E-14
           283986.43           283986.43           4.386E-14
           284516.18           284516.18           3.989E-14
           285027.28           285027.28           3.921E-14
           285519.68           285519.68           3.405E-14
           285993.29           285993.29           3.928E-14
           286448.07           286448.07           3.597E-14
           286883.95           286883.95           3.855E-14
           287300.86           287300.86           3.485E-14
           287698.76           287698.76           3.723E-14
           288077.59           288077.59           4.405E-14
           288437.31           288437.31           3.794E-14
           288777.85           288777.85           2.983E-14
           289099.18           289099.18           3.685E-14
           289401.25           289401.25           3.319E-14
           289684.02           289684.02           3.757E-14
           289947.46           289947.46           3.814E-14
           290191.52           290191.52           3.490E-14
           290416.18           290416.18           3.888E-14
           290621.41           290621.41           3.986E-14
           290807.17           290807.17           3.363E-14
           290973.45           290973.45           4.081E-14
           291120.22           291120.22           3.339E-14
           291247.45           291247.45           4.037E-14
           291355.15           291355.15           3.896E-14
           291443.28           291443.28           3.116E-14
           291511.84           291511.84           4.573E-14
           291560.81           291560.81           4.392E-14
           291590.20           291590.20           3.753E-14
